5105.5,4488.9,4193.2,2341.4,0,6291.8,5998.5,5401.4,0,5370.7,2621.6,4231.4,6919.6,3660.5
6263.6,4530.7,4744.2,3035.1,0,5284.8,5580,7568.1,0,4577,2289.1,4558.5,6553.4,3424.4
5924,5414,4390.8,3436.9,0,5251.8,6717.2,7298,0,5024.5,2881.3,4780.3,7605.1,4067.8
6042.1,5243.1,5258.8,3422.4,0,5653.7,7344.4,7537.3,0,5387.5,2361.8,4825.1,5854.7,3908.9
5597.5,5611.2,4896.1,2925.3,0,5367.3,4976.8,6307.7,0,6422.8,3470.8,6070.7,6628.9,3183.7
5648.2,5034.8,4471.6,2945.3,1236.2,5600.8,7135.5,6593.8,0,5678.5,3349,5003.8,6822.4,3754.6
6339.5,4837,4632.8,2899.3,0,5804.8,7708.3,7822.5,0,4508.5,2791.4,5236.5,6375.5,4076.4
6609.9,7029.8,4352.3,2144.1,1734,4966.2,6269.4,7407.3,0,4107.8,3989,4234.3,7129,4017.2
5877.3,7688.9,5472.5,3681.1,2424.4,4456.2,8384.8,7888.5,0,6374.5,4163.8,5901.2,6085,4434.7
4579.6,5815.3,4417.3,3746.3,2705.8,5576.2,8807.1,7027.2,0,6696.1,4754.4,5269.3,6559.4,4956.6
5375.1,6397.4,4317.7,3239.4,3143.2,4929.8,4900.6,8392.2,0,6105.1,5188.1,5806.6,5684.4,5399.3
4813.1,6548.2,3871.5,2466.9,2954.9,4651.5,6470.4,7536.4,0,5747.2,4442.3,6913.2,6587.3,4063.1
4603.1,6080.5,3142.4,2695,3040.8,5831.5,6758,6731.2,0,7583.5,5256.4,5594.9,5550.8,3273.9
4994.6,6086.7,3833.6,3655.5,3251.7,4565.6,7062.1,6979.5,0,5524,4681.4,5504.5,4837.6,4441.3
4739.8,5500.7,3201.5,3236.9,4980.5,4552.4,5940.5,5812.1,0,6430.1,4469.9,7358.8,4799.6,4272.6
5850.6,6203.5,3825.4,2346.4,4334,4849.8,7046.9,7565.4,0,6294.7,4455.4,6612,5092.2,4948.4
5784.9,6480.9,4007.7,2618.4,4655.1,4355.4,7830.5,7581.4,0,5813.5,5536.7,5456.4,5306,4231.6
5237,5609.7,4115.4,2803.8,4811.9,5022.4,4827.8,7430.7,0,5515.8,5904.4,6924.4,3951.8,4544.5
5641.1,4688.4,2542,1769.1,6224.1,4452,5351.3,6076.3,0,5867,6304.9,7330.6,5488.3,5438.5
5022.5,4074.4,3688.5,0,5264.4,3851.3,5595.1,8273.6,0,5419.5,7413.2,7718,7325.8,5283.9
5931,4230.5,2451.5,0,7010.8,3926.6,6297.8,6630.8,0,5288.1,4852.2,7881.9,6314.9,5154.7
5826.8,3518.1,1832.3,0,6648.1,3603.6,4660.2,5866.8,0,5598.1,5482.9,7092,4648.1,5020.8
5126.3,4391.8,3111.4,723.5,6893.4,4972.6,5641.4,5385,0,5695.8,6399.3,7264.8,5817.5,4815
5759.3,3670.1,2797,1441.8,6709.9,5844.4,5365,5734,0,4500.5,6122.9,5781.1,4477,5379.1
4954.1,4892.8,1773.6,0,7720.6,5275.3,6498.4,5701.7,1937.8,4848.8,5289.1,6280.6,4384.3,4283.7
4979.3,5521.1,2596.5,1508.3,7024.1,4281,5633.2,5620.7,1450,4480.1,5342.4,5274.5,3203.8,4405.5
4940.4,5214.6,2985.8,1629.7,6179.6,6383.3,6685.5,5534.9,2029.3,3965.6,5439,6627.1,4331.8,4264.1
5780.6,5650.1,3100.1,2437.8,8083.2,5403.3,5972.4,5030.9,1662.1,3766.6,7056.6,5699.8,4206.3,4581.3
4912.8,5300.1,2722.8,2190.5,6850.1,5422.3,5215.4,5406.8,2637.4,3940.8,6640.4,5861.6,4561,3353.1
7163.1,4652.3,2646.5,2413.2,7196.3,5777.2,5568.3,3908.1,2790,4242.7,5970,5597.8,3869.2,2460.5
7184.6,4568.1,2447.5,2413.5,8088.6,4794.3,5410,4916.8,1353.9,4310.3,6115.5,6448.5,4101.6,1140.4
8740.3,5335.6,0,2749.7,8506.6,4177.5,5845.7,4564.4,2016.3,4311.6,6628.8,5990.9,2949,2649.6
7334.7,6164,0,3114.3,6469.8,4056.5,5678.1,3319,3527.5,4052.8,6896.2,4511.2,3272.3,2814.5
5969.8,6198.3,1371.9,2182.5,6679.8,4357.1,6171.5,3840,2190.4,4452.3,7113.5,6236.1,4826.5,2217.1
6075.5,5242.6,0,2948.4,7196.1,3205,6750,4134.5,2910.9,5025.9,6881.6,6399.5,3853.1,2505.3
6960.8,7461.8,1713.3,3479,6733.5,2678.9,4301.6,3813.5,2797.5,3676.1,6544.4,6856,5008.1,2335
8172.1,5445.7,1917.9,3552.6,6078.1,3061.4,4639.2,3558.6,2909.8,3226.7,8623.3,7288.3,4120.5,3426.9
8269.8,5807.6,2108.4,3670.1,6793.2,1826.6,5077.1,3758.7,3012.4,3894.2,5969,7880.6,5317.9,2638.7
6274.9,6326.6,2956.7,3208.4,6415.6,2779.3,3784.5,4571.9,2294.3,4157.4,6578.4,6524,6206.9,1940.9
5691.6,5979.3,3539.3,2896.3,6519.7,3500,4540.3,3960.6,2821.6,4178,7870.9,7180.9,5140.7,2320.5
5402.8,5344.6,3451.7,2981.3,6212.8,2729.3,2511.2,3585.7,2133.5,3862.7,6177.5,7032.7,5209.1,2860.7
