0,7235,3097.4,3750.2,10564,0,0,0,0,0,0,7108.7,0,0,0,0,8110.3,0,0,0,0,0,0,0,0,0,7317.6,0,0,0,0,0,0,0,0,0,0,0,0,0,0,0,0,0,0,0,0,0,0,0,0,0,0,0,0,0,0,0,0,0,0,0,0,0,0,0,0,0,0,0,0,0,0,0,0,0,0,0,0,0,0,0,0,0,0
0,6935.8,4374.2,4656.4,10426,0,0,0,0,0,0,6790,0,0,2672.6,0,8830.7,4331.5,0,0,0,0,0,0,1560.4,0,10841,0,0,0,0,0,0,0,0,0,0,0,0,0,0,0,0,4625,0,1595.8,0,0,0,0,0,0,0,0,0,0,0,0,0,0,0,0,0,0,0,0,0,0,0,0,0,0,0,0,0,0,0,0,0,0,0,0,0,0,0
0,6466.1,4276.7,5043,9418.5,0,0,4554,0,0,0,7736.2,0,0,3918.4,0,9542.9,6681.6,0,0,0,0,0,0,0,0,0,0,0,9913.6,0,0,0,0,0,0,0,0,0,0,0,0,0,5267.9,0,2944.7,0,0,0,0,0,0,0,0,0,0,0,0,0,0,0,0,0,0,0,0,0,0,0,0,0,0,0,0,0,0,0,0,0,0,0,0,0,0,0
0,5554.6,4149.2,6938.1,10260,0,3427.4,6571.7,0,0,0,7844.5,0,0,4556.7,0,9788.1,6770.6,0,3357.8,0,0,0,0,4903.3,0,0,0,0,9889.9,0,0,0,0,0,0,0,0,0,0,0,0,0,5438.8,0,3527,0,0,0,0,0,0,0,0,0,0,0,0,0,0,0,0,0,0,0,0,0,0,0,0,0,0,0,0,0,0,0,0,0,0,0,0,0,0,0
0,4874.9,6374.3,7413,13151,0,2412.2,10320,0,0,0,8149.3,0,0,5365.8,4699.9,8891.4,7257.4,0,6358.9,0,0,2194.8,0,7616.7,0,0,0,0,12011,0,0,0,0,0,0,0,0,0,4527.9,0,0,0,4700.8,0,3552.4,0,0,0,0,0,0,0,0,0,0,0,0,0,0,0,0,0,0,0,0,0,0,0,0,0,0,0,0,0,0,0,0,0,0,0,0,0,0,0
0,5897.8,6139.7,7775.1,12712,0,4521.1,11624,0,0,0,6103.2,0,0,4729.3,3447.7,6283.1,5152.5,0,5486.5,0,0,0,0,8776.9,0,0,0,0,12794,0,0,0,0,0,0,0,0,0,5041.1,0,0,0,5176.1,0,6009.4,0,0,0,0,0,0,0,0,0,0,0,0,0,0,0,0,0,0,0,0,0,0,0,0,0,0,0,0,0,0,0,0,0,0,0,0,0,0,0
0,3547,7093.7,8486,13007,0,3776.1,11251,0,0,0,5050.9,3321.4,0,5283.9,5127.9,6330.3,5965.9,0,7110.6,3119.5,3034.6,0,0,9399.8,0,0,0,0,11502,3482.9,0,0,0,0,0,0,0,0,6599.4,0,0,0,3650.8,0,5923.6,0,0,0,0,0,0,0,0,0,0,0,0,0,0,0,0,0,0,0,0,0,0,0,0,0,0,0,0,0,0,0,0,0,0,0,0,0,0,0
0,4189.2,9776.8,9798.5,12851,0,4873.1,10103,0,0,1811.7,3331.5,5056,0,4631.7,6309.3,4535,5106.1,0,5337.7,4658.8,5939.2,0,0,8760.9,0,0,0,0,13012,5257.7,0,0,0,0,0,0,0,0,6713.1,200.71,0,0,0,0,4526,0,0,0,0,0,0,0,0,0,0,0,0,0,0,0,0,0,0,0,0,0,0,0,0,0,0,0,0,0,0,0,0,0,0,0,0,0,0,0
0,4413.8,10132,10003,12909,0,4630.4,10415,0,4137.4,0,3789,6187.3,0,6783,6298.9,0,4650.3,0,3933.8,7170.6,8586.5,0,0,10421,0,0,0,0,11325,7380.6,0,3405.7,0,4192.5,0,0,0,0,7215.5,1927.3,0,0,0,0,4439.6,0,0,0,0,0,0,0,0,0,0,0,0,0,0,0,0,0,0,0,0,0,0,0,0,0,0,0,0,0,0,0,0,0,0,0,0,0,0,0
5073.7,3030.5,12454,10341,12471,0,4117.9,9068.9,0,7695.6,0,4234.1,6347.9,0,5573.4,5958.3,0,7228.9,0,3431.5,8169.3,9481.1,2546.3,0,8680,0,0,0,0,10761,8686.1,0,4845,0,6249.5,0,0,0,0,6441,1736.2,0,0,0,0,3635.9,0,0,0,0,0,0,0,0,0,0,0,0,0,0,0,0,0,0,0,0,0,0,0,0,0,0,0,0,0,0,0,0,0,0,0,0,0,0,0
5755.5,2265.5,14139,11180,12499,4560.8,4046.7,6859.4,0,10279,1494,3658.5,9386.5,0,0,6873.9,0,9876.8,0,4170.5,8496.3,10962,0,0,8173.2,0,0,0,0,9751.1,4715.1,0,4959,0,5887.2,0,0,0,0,6569.4,3939.3,0,0,0,0,2618.3,0,0,0,0,0,0,0,0,0,0,0,0,0,0,0,0,0,0,0,0,0,0,0,0,0,0,0,0,0,0,0,0,0,0,0,0,0,0,0
9078.5,3751.6,15462,9457,10925,4813.8,4761.7,6518.8,0,9517.2,2398.7,3834.9,11020,3900.3,1767.3,6310.2,0,11164,0,1982.6,6882.2,10855,4401.6,0,5942.2,0,0,0,0,9982,6232.4,0,5878,0,6002.9,0,0,0,0,5593.6,1952.2,0,0,0,0,0,0,0,0,0,0,0,0,0,0,0,0,0,0,0,0,0,0,0,0,0,0,0,0,0,0,0,0,0,0,0,0,0,0,0,0,0,0,0,0
12116,0,13140,7471.7,9006.9,6536.1,2426.2,7627,0,9237.2,4635.7,4563.9,11346,6358.3,4810.5,5391.7,0,10075,0,5424.2,6834.4,12884,5145.1,0,4279.6,0,7590.8,0,0,0,5819.5,0,6186.4,0,7316.6,0,0,0,0,5952.1,0,0,0,0,0,0,0,0,0,0,0,0,0,0,0,0,0,0,0,0,0,0,0,0,0,0,0,0,0,0,0,0,0,0,0,0,0,0,0,0,0,0,0,0,0
12969,0,11879,4577.5,8251.1,7729.7,3065.2,11004,0,9316.3,3848.3,3939.6,12922,6762,3579.4,6972.1,0,11968,0,4861.6,7654.7,11617,7318.3,0,3899.9,0,7514.7,0,0,0,7064.6,0,7938.2,0,5148.2,0,0,0,0,5846.4,0,0,0,0,0,0,0,0,0,0,0,0,0,0,0,0,0,0,0,0,0,0,0,0,0,0,0,0,0,0,0,0,0,0,0,0,0,0,0,0,0,0,0,0,0
11915,0,7323,3858.5,6851.9,5258.6,0,11034,0,8133.7,4683.3,2379.6,10345,6643,5272.4,5578,0,9439.9,0,4766.5,5871.3,11927,8246.3,0,0,0,7368.1,0,0,0,6880.3,0,6010.7,0,6736.7,0,0,0,0,3934.7,0,0,0,2429.2,0,0,0,0,0,0,0,0,0,0,0,0,0,0,0,0,0,0,0,0,0,0,0,0,0,0,0,0,0,0,0,0,0,0,0,0,0,0,0,0,0
9470.6,0,6444,4508.5,7068.8,3473.9,2793,13035,0,7169.8,4073.3,0,9765.1,3206,6567,5839.3,0,8700.8,0,0,3901.6,10866,6404.8,0,0,0,5028.7,0,0,0,7809.9,0,6392.4,0,5222.9,0,0,0,0,3643.8,789.87,0,0,4136.1,0,0,0,0,0,0,0,0,0,0,0,0,0,0,0,0,0,0,0,0,0,0,0,0,0,0,0,0,0,0,0,0,0,0,0,0,0,0,0,0,0
9892.3,0,6860.1,4918.1,5895.5,0,4378,11651,0,7634.5,5193.4,0,8776.9,1296.1,5295.8,5600.3,0,11330,0,4877.1,1896.1,9812.7,6152.2,3740,0,0,5654.8,0,0,0,5538,0,7088.9,0,5260.4,0,0,0,0,4029.9,0,0,0,2759.4,0,0,0,0,0,0,0,0,0,0,0,0,0,0,0,0,0,0,0,0,0,0,0,0,0,0,0,0,0,0,0,0,0,0,0,0,0,0,0,0,0
7806.8,0,7999.8,5630,7620.2,0,5461.5,10821,0,6314.1,2054.9,0,5605.4,1021.1,6989.1,4052.1,0,9809.8,0,3898.4,0,9096.2,8479.6,0,0,0,5535,0,0,0,5597.7,0,6986.6,0,3861,0,0,0,0,3221.7,0,0,0,5232.5,0,0,0,0,0,0,0,0,0,0,0,0,0,0,0,0,0,0,0,0,0,0,0,0,0,0,0,0,0,0,0,0,0,0,0,0,0,0,0,0,0
10479,0,7954.8,4457.1,7216.4,2615.6,6381.6,7022.7,0,4117,0,0,5575.6,0,5058.2,3902.2,0,9177.1,0,4058.9,0,8403.4,9743.2,3880.1,0,0,6932.4,0,0,0,5807.7,0,5030.6,0,3025.5,0,0,0,0,0,0,0,0,3225.8,0,0,0,0,0,0,0,0,0,0,0,0,0,0,0,0,0,0,0,0,0,0,0,0,0,0,0,0,0,0,0,0,0,0,0,0,0,0,0,0,0
10149,0,7571.5,3210.5,7038.9,0,8140.2,4837.9,0,3760.2,0,0,4013,194.2,4850.8,3982.1,0,8037.4,0,3785,3161.7,7607.2,11350,3095.4,0,0,6628.9,0,0,0,3554.9,0,4463.7,0,0,0,0,0,0,0,0,0,0,0,0,0,0,0,0,0,0,0,0,0,0,0,0,0,0,0,0,0,0,0,0,0,0,0,0,0,0,0,0,0,0,0,0,0,0,0,0,0,0,0,0
10258,0,8883,3264.3,7184.2,5121.6,10928,3870.9,0,0,0,2912.9,0,678.42,5223.8,6670.2,0,9301.5,0,5109.8,5720.7,5858.9,10731,0,0,0,0,0,0,6022.2,0,0,4265.8,0,0,0,0,0,0,0,0,0,0,0,0,0,0,0,0,0,0,0,0,0,0,0,0,2535.9,0,0,0,0,0,0,0,0,0,0,0,0,0,0,0,0,0,0,0,0,0,0,0,0,0,0,0
9609.7,0,8685.3,0,6990.9,0,10098,4560.5,0,0,0,5441.1,3172,3649.5,6134.7,6937.6,0,7727.5,0,5579.3,7995.6,5619.4,10172,0,0,0,0,0,0,5951.8,0,0,4016.3,0,0,0,0,0,0,0,0,0,0,2091,0,0,0,0,0,0,0,0,0,0,0,0,0,3149,0,0,0,0,0,0,0,0,0,0,0,0,0,0,0,0,0,0,0,0,0,0,0,0,0,0,0
10530,0,10475,0,6082.4,3300.9,8470.4,5616.3,0,0,0,6657.5,0,0,4874.3,6636.6,0,6429.2,0,7313,10573,6095.4,7377.9,0,0,0,0,0,2365.7,5460.8,0,0,0,0,0,0,0,0,0,0,0,0,0,0,0,0,0,0,0,0,0,0,0,0,0,0,0,2938.8,0,0,0,0,0,0,0,0,0,0,0,0,0,0,0,0,0,0,0,0,0,0,0,0,0,0,0
11025,0,10887,0,4997.6,0,7263.7,3351.9,0,0,0,7987.1,0,0,5340.7,7063.8,0,4538,0,10247,10719,4315.9,0,0,0,0,5919.6,0,4515.7,0,0,0,3707,0,0,0,0,0,0,0,0,0,4934.3,0,0,0,0,0,0,0,0,0,0,0,0,0,0,4152.9,0,0,0,0,0,0,0,0,0,0,0,0,0,0,0,0,0,0,0,0,0,0,0,0,0,0,0
11551,0,9493.9,3879.1,3051.3,2835.2,7217.1,7324.8,0,0,0,6200.1,0,0,5190.8,9193.4,0,0,0,11501,11638,3338.9,0,3431.1,0,0,0,0,4277.7,5053.7,0,0,3581.3,0,0,0,0,0,0,0,0,0,3412.9,0,0,0,0,0,0,0,0,0,0,0,0,0,0,2884.6,0,0,0,0,0,0,0,0,0,0,0,0,0,0,0,0,0,0,0,0,0,0,0,0,0,0,0
12330,0,9483.9,4996.2,0,5239.7,4830.3,0,0,7037.4,0,5013.8,0,0,4069.9,6466,0,0,0,10650,10637,0,0,3656,0,0,0,0,6550.4,4936.6,0,0,2805.7,0,0,0,0,0,0,0,0,0,3740.3,0,0,0,0,0,0,0,0,0,0,0,0,0,0,2766.8,0,0,0,0,0,0,0,0,0,0,0,0,0,0,0,0,0,0,0,0,0,0,0,0,0,0,0
13350,0,10549,6515,0,6930.9,3929.1,0,0,6431.2,0,4360.5,0,0,5297.8,5230.6,0,0,0,9031.4,12264,0,0,0,4835.4,0,0,0,6376.6,4898.3,0,0,0,0,0,0,0,0,0,0,0,0,4810.9,0,0,0,0,0,0,0,0,0,0,0,0,0,0,0,0,0,0,0,0,0,0,0,0,0,0,0,0,0,0,0,0,0,0,0,0,0,0,0,0,0,0
10981,0,9802.4,5737.9,0,3827.6,3164.4,0,0,4827.4,0,3653.3,0,0,6097.7,6156.6,0,4382.2,0,7647,12628,0,0,0,4268.3,0,0,0,5608.5,4197.2,0,0,3592.5,0,0,0,0,0,0,6836.4,0,0,4397.2,0,0,0,0,0,0,0,0,0,0,0,0,0,0,0,0,0,0,0,0,0,0,0,0,0,0,0,0,0,0,0,0,0,0,0,0,0,0,0,0,0,0
9342.5,0,8102.5,5994.7,0,0,0,8709.9,0,6698.4,2539,0,0,0,6407.9,4912.1,0,4455.7,0,5994.9,13463,0,0,0,6979.2,0,0,0,9114.7,5299.2,0,0,4586.3,0,0,0,0,0,0,6821.6,0,0,2965.3,0,0,0,0,0,0,0,0,0,0,0,0,0,0,0,0,0,0,0,0,0,0,0,0,0,0,0,0,0,0,0,0,0,0,0,0,0,0,0,0,0,0
5582.5,0,4902.5,4936.4,6024.8,0,0,4960,3017.4,6068.2,4858.8,0,0,0,4456.6,3548.7,0,4595.4,0,3988.2,11471,0,0,4504.2,7553.5,3855.7,0,0,6320.3,4774,0,0,4672.7,0,0,5397.7,0,0,0,7293.9,0,0,0,0,0,0,0,0,0,0,0,6538.8,0,0,0,0,0,0,0,0,0,0,0,0,0,0,0,0,0,0,0,0,0,0,0,0,0,0,0,0,0,0,0,0,0
4590.8,0,6111.2,0,5339.3,2526.2,0,5236.7,0,5923.6,8041.8,0,0,0,4142.3,0,0,4353.6,0,4154.7,9189,0,0,6468.5,8314.6,4852.1,0,0,4441.3,3969.4,5815,0,3123.4,0,0,0,0,0,0,6964.5,0,0,0,0,0,0,0,0,0,0,0,6421.1,0,0,0,0,0,0,0,0,0,0,0,0,0,0,0,0,0,0,0,0,0,0,0,0,0,0,0,0,0,0,0,0,0
3870.9,0,6566.6,2817.5,6870.7,7507.8,0,6637.5,0,4724.8,8061.9,0,0,0,4522.7,6325.7,0,4845.9,0,0,8871.9,6449.1,0,5176.7,10035,4930.6,0,0,4840.8,0,0,0,0,0,0,0,0,0,4835,6896.1,0,0,0,0,0,0,0,0,0,0,0,0,0,0,0,0,0,0,0,0,0,0,0,0,0,0,0,0,0,0,0,0,0,0,0,0,0,0,0,0,0,0,0,0,0
3518.2,0,6744.1,3146.9,6882.4,7677.5,0,7955.1,5164,5648.7,5190.6,0,0,0,6546.3,3975.9,0,8243.2,0,0,5375.6,0,0,4162.6,9987.4,5157,0,0,0,2615.9,0,0,1688.9,0,7220.3,0,0,0,0,8677.3,0,0,0,0,0,0,0,0,0,0,0,0,0,0,0,7012.5,0,0,0,0,0,0,0,0,0,0,0,0,0,0,0,0,0,0,0,0,0,0,0,0,0,0,0,0,0
2379,0,8541.6,0,8315.3,7658.2,0,7783.8,5099.9,6256.9,3853.4,0,0,2297.2,6109.3,5851,0,6474,0,0,5577.1,0,0,2728.3,8425.4,4744.9,0,0,3282.2,0,0,0,0,0,0,0,0,0,0,0,0,0,0,0,0,0,0,0,0,0,0,0,0,0,0,0,0,0,0,0,0,0,0,0,0,0,0,0,0,0,0,0,0,0,0,0,0,0,0,0,0,0,0,0,0
0,0,3572.8,7200.9,7442.4,9251.9,3527.1,6498.5,6747,4695.7,2908.7,0,0,2816.4,5604.9,5100.6,0,8402.7,0,0,5102.5,0,0,0,10179,0,0,0,0,0,0,0,0,0,8001,0,0,0,0,0,0,0,0,0,0,0,0,0,0,0,0,0,0,0,0,0,0,0,0,0,0,0,0,0,0,0,0,0,0,0,0,0,0,0,0,0,0,0,0,0,0,0,0,0,0
0,0,5236,0,7756.6,10482,3727.8,7915.5,6148.3,4231.4,0,0,0,2884.9,4327.9,3124.1,0,6317.2,0,0,4317.1,0,0,0,10484,0,0,0,0,0,0,0,0,0,8553.3,0,0,0,0,7379.9,0,0,0,0,0,0,0,6635,0,0,0,0,0,0,0,0,0,0,0,0,0,0,0,0,0,0,0,0,0,0,0,0,0,0,0,0,0,0,0,0,0,0,0,0,0
