0,8565.2,5662,0,8805.1,4049.6,2917.9,4299.3,2482,4536.2,5164.8,0,0,0,0,5933.6,4744.3,0,5102.4,0,0,0,0,0,3398.6,0,0,0,0,0,0,0,0,0,0,0,0,0,0,0,0,0,0,0,0,0,0,0,0,0,0,0,0,0,0,0,0,0,0,0,0,0,0,0,0,0
0,7026.6,8186.9,0,8391.6,2585.3,2293.4,4002.6,2346.8,5637.5,5995.4,0,0,0,0,4551.7,5211.4,0,5208.2,0,2716.8,0,0,0,2617.8,0,0,0,0,0,0,0,0,0,0,0,0,0,0,0,0,0,0,0,0,0,0,0,0,0,0,0,0,0,0,0,0,0,0,0,0,0,0,0,0,0
0,6301.9,7608.8,0,11003,1707.6,3550.5,3693.5,3195.2,6638.4,6299.8,0,0,0,0,5112.8,6449.9,0,6183.3,0,3945.8,0,0,0,2020.1,0,0,0,0,0,0,0,0,0,0,0,0,0,0,0,0,0,0,0,0,0,0,0,0,0,0,0,0,0,0,0,0,0,0,0,0,0,0,0,0,0
0,5130.8,7410.6,0,9570,0,3591.4,2557.7,2967.2,7038.4,5202.9,0,0,0,0,3361.3,6766.3,0,5591.1,0,4327.8,0,0,0,2165.4,0,0,0,0,0,0,0,0,0,0,0,0,0,0,0,0,0,0,0,0,0,0,0,0,0,0,0,0,0,0,0,0,0,0,0,0,0,0,0,0,0
0,6890.4,6687.9,0,8632.2,0,2058.7,4196.3,2997.8,7773.1,5591.3,0,0,2402.6,0,3580.3,5595.7,0,5309,0,4980.3,0,0,0,0,0,0,0,0,0,0,0,0,0,0,0,0,0,0,0,0,0,0,0,0,0,0,0,0,0,0,0,0,0,0,0,0,0,0,0,0,0,0,0,0,0
0,6828,6712.8,0,11257,0,2225.4,4190.7,1894.9,7931.2,6207,0,0,3194.1,0,3209.1,6141.6,0,4775.4,0,4871.6,0,0,0,3244.8,0,0,0,0,0,0,0,0,0,0,0,0,0,0,0,0,0,0,0,0,0,0,0,0,0,0,0,0,0,0,0,0,0,0,0,0,0,0,0,0,0
0,5415.5,8031.6,0,9751.6,0,3404.8,4333.2,1544.3,7955.2,6569.5,0,0,3631.5,0,4625.9,5163.2,0,5531.7,0,3932.6,0,0,0,0,0,0,0,0,0,0,0,0,0,0,0,0,0,0,0,0,0,0,0,0,0,0,0,0,0,0,0,0,0,0,0,0,0,0,0,0,0,0,0,0,0
0,5161,7661.2,0,9135.3,0,4641.2,4331.1,0,7727.6,8011.9,0,0,4291.5,0,6501.4,6090.3,0,5621,0,5619.6,0,0,0,2114.4,0,0,0,0,0,0,0,0,0,0,0,0,0,0,0,0,0,0,0,0,0,0,0,0,0,0,0,0,0,0,0,0,0,0,0,0,0,0,0,0,0
0,6782.5,9114.4,0,9847.8,0,6231.3,4436.8,0,6568.5,7671.7,0,0,5538.6,0,7715.7,5058.7,0,4098.7,0,4805.5,0,0,0,0,0,0,0,0,0,0,0,0,0,0,0,0,0,0,0,0,0,0,0,0,0,0,0,0,0,0,0,0,0,0,0,0,0,0,0,0,0,0,0,0,0
0,4806,9901.4,0,10503,3247.4,7818.7,5530.4,0,6730.4,5812.4,0,0,6355.6,0,6871.5,5153,0,4552,0,6696.6,0,0,0,0,0,0,0,0,0,0,0,0,0,0,0,0,0,0,0,0,0,0,0,0,0,0,0,0,0,0,0,0,0,0,0,0,0,0,0,0,0,0,0,0,0
0,7126.7,7097.7,0,9795.2,3059.5,7141.6,5534,0,5599.8,5751,0,0,6569.9,0,7154.5,4757.3,0,3089.3,0,5333.6,0,0,0,0,0,0,0,0,0,0,0,0,0,0,0,0,0,0,0,0,0,0,0,0,0,0,0,0,0,0,0,0,0,0,0,0,0,0,0,0,0,0,0,0,0
0,8181.4,6014.1,0,7687.9,3833.6,6414.4,5236.5,0,6327.5,5215.7,0,0,5228.3,0,7158,4660.9,0,2769.5,0,5414,0,0,0,0,0,0,0,0,0,0,0,0,0,0,0,0,0,0,0,0,0,0,0,0,0,0,0,0,0,0,0,0,0,0,0,0,0,0,0,0,0,0,0,0,0
0,7033.9,4632.6,0,8680.9,5869.3,6273,5825.5,0,3522.7,3875,0,0,5600.7,0,7709.6,4477.8,0,2731.2,0,6215.6,0,0,0,0,0,0,0,0,0,0,0,0,0,0,0,0,0,0,0,0,0,0,0,0,0,0,0,0,0,0,0,0,0,0,0,0,0,0,0,0,0,0,0,0,0
0,8279.2,4737.6,0,9436.1,5889.9,5720.9,4443.5,0,2870,3117.5,0,0,6822.1,0,8545.4,4697.9,0,0,0,6407.5,0,0,0,1450.6,0,0,0,0,0,0,0,0,0,0,0,0,0,0,0,0,0,0,0,0,0,0,0,0,0,0,0,0,0,0,0,0,0,0,0,0,0,0,0,0,0
0,7210.4,4318,0,8076.2,6089.2,6054.7,3427.7,0,0,4407.7,0,0,5573.9,0,6654.3,4428.8,0,0,0,5526.5,0,0,3461.4,0,0,0,0,0,0,0,0,0,0,0,0,0,0,0,0,0,0,0,0,0,0,0,0,0,0,0,0,0,0,0,0,0,0,0,0,0,0,0,0,0,0
0,6333.2,0,0,7181.9,7302.6,5956.6,4449.1,0,0,4399.6,0,0,4199.8,0,7510.2,3854.6,0,0,0,7366.1,0,0,2965.3,0,0,0,0,0,0,0,0,0,0,0,0,0,0,0,0,0,0,0,0,0,0,0,0,0,0,0,0,0,0,0,0,0,0,0,0,0,0,0,0,0,0
0,6166.6,0,0,7177.9,6480.5,7241.3,3102.5,0,0,5517.7,0,0,4064.7,0,7596.2,5446.4,0,0,0,8809.7,0,0,0,0,0,0,0,0,0,0,0,0,0,0,0,0,0,0,0,0,0,0,0,0,0,0,0,0,0,0,0,0,0,0,0,0,0,0,0,0,0,0,0,0,0
0,7113.1,0,0,7616.9,6807.6,6416.7,0,0,0,4427.6,0,883.38,3821.8,0,7295.5,4576.6,0,0,0,7379.9,0,0,0,0,0,0,0,0,0,0,0,0,0,0,0,0,0,0,0,0,0,0,0,0,0,0,0,0,0,0,0,0,0,0,0,0,0,0,0,0,0,0,0,0,0
0,5337.8,0,0,5314,6949,8753.2,2377.2,0,0,5373,0,0,4218,2506.8,7098.1,3885.1,0,0,0,8894.7,0,0,0,0,0,0,0,0,0,0,0,0,0,0,0,0,0,0,0,0,0,0,0,0,0,0,0,0,0,0,0,0,0,0,0,0,0,0,0,0,0,0,0,0,0
0,4160.7,0,0,5235.7,6937.4,7571,0,0,0,5110.5,0,2325.4,3511.1,173.94,7894.8,1852.8,0,0,0,9141.9,0,0,0,0,0,0,0,0,0,0,0,0,0,0,0,0,0,0,0,0,0,0,0,0,0,0,0,0,0,0,0,0,0,0,0,0,0,0,0,0,0,0,0,0,0
0,4250.6,2189.4,0,4764.3,4991.5,8852.1,1638.3,0,0,5719.9,0,4057,3106.6,298.54,8000.4,4385.3,0,0,0,8889.3,0,0,0,0,0,0,0,0,0,0,0,0,0,0,0,0,0,0,0,0,0,0,0,0,0,0,0,0,0,0,0,0,0,0,0,0,0,0,0,0,0,0,0,0,0
0,3587,0,0,5431.4,4256.8,8981.5,2038.4,0,0,5672.3,0,6079.4,2534.3,1012.9,6764.7,4206.2,0,0,0,8804.5,0,0,0,0,0,0,0,0,0,0,0,0,0,0,0,0,0,0,0,0,0,0,0,0,0,0,0,0,0,0,0,0,0,0,0,0,0,0,0,0,0,0,0,0,0
0,3046.6,2151.2,0,4621,3605,10757,2536,0,0,7318.3,0,5702.6,0,1079.5,6593,4916.8,0,0,0,8306,0,0,0,0,0,0,0,0,0,0,0,0,0,0,0,0,0,0,0,0,0,0,0,0,0,0,0,0,0,0,0,0,0,0,0,0,0,0,0,0,0,0,0,0,0
0,2301,0,0,4135.5,4680.3,9962.7,3430.4,0,0,9251.6,0,7442,0,469.19,5384.3,4221.7,0,0,0,7933.2,0,0,0,0,0,0,0,0,0,0,0,0,0,0,0,0,0,0,0,0,0,0,0,0,0,0,0,0,0,0,0,0,0,0,0,0,0,0,0,0,0,0,0,0,0
0,0,2813.2,0,4237.1,4012.7,10441,3815.8,0,0,7575.2,0,7595.5,0,1219,4853.5,5455.8,0,0,0,7563.4,0,0,0,0,0,0,0,0,0,0,0,0,0,0,0,0,0,0,0,0,0,0,0,0,0,0,0,0,0,0,0,0,0,0,0,0,0,0,0,0,0,0,0,0,0
0,0,0,0,4277.1,4086.6,12541,3084.4,0,0,9025.1,0,7159.2,0,201.42,4509.4,6137.3,0,0,0,8153.9,0,0,0,0,0,0,0,0,0,0,0,0,0,0,0,0,0,0,0,0,0,0,0,0,0,0,0,0,0,0,0,0,0,0,0,0,0,0,0,0,0,0,0,0,0
0,0,0,0,4037.9,6272,11542,3252.1,0,2080.9,8123.8,0,6789,0,46.004,5329.8,5637.5,0,0,0,7040.2,0,2753.4,0,0,0,0,0,0,0,0,0,0,0,0,0,0,0,0,0,0,0,0,0,0,0,0,0,0,0,0,0,0,0,0,0,0,0,0,0,0,0,0,0,0,0
0,0,3891.9,0,2584.2,6519.1,9730.4,3146.4,0,3483.5,8398.1,0,6520.5,0,0,5389.1,6622,0,1833.7,0,5725.5,0,2660.2,0,0,0,0,0,0,0,0,0,0,0,0,0,0,0,0,0,0,0,0,0,0,0,0,0,0,0,0,0,0,0,0,0,0,0,0,0,0,0,0,0,0,0
0,0,2492.7,2783.6,0,6557.2,9566.1,2062,0,2387.7,9675.8,1458.2,8125.4,0,616.11,6565.4,6823,0,0,0,5510.4,0,3686.4,0,0,0,0,0,0,0,0,0,0,0,0,0,0,0,0,0,0,0,0,0,0,0,0,0,0,0,0,0,0,0,0,0,0,0,0,0,0,0,0,0,0,0
0,0,2447.1,3298.1,1634.3,5893.2,9632.6,1615.4,0,4211.9,7166.8,2900.7,7249.3,0,583.66,7643.5,6792.7,0,0,0,3723.8,0,5023.2,0,0,0,0,0,0,0,0,0,0,0,0,0,0,0,0,0,0,0,0,0,0,0,0,0,0,0,0,0,0,0,0,0,0,0,0,0,0,0,0,0,0,0
0,0,4162.7,2101.3,0,6172,9490.2,0,0,5118.3,7519.8,4484.3,7890.4,0,531.88,7930.8,7561.3,0,2793.7,0,4831.1,0,4320.5,0,0,0,0,0,0,0,0,0,0,0,0,0,0,0,0,0,0,0,0,0,0,0,0,0,0,0,0,0,0,0,0,0,0,0,0,0,0,0,0,0,0,0
0,0,2270.9,2103.3,0,7597.5,8847.8,0,0,6217.8,7215,3278.4,7687.2,0,4188.8,5544.6,6696.5,0,4158.6,0,5864.4,0,5014.4,0,0,0,0,0,0,0,0,0,0,0,0,0,0,0,0,0,0,0,0,0,0,0,0,0,0,0,0,0,0,0,0,0,0,0,0,0,0,0,0,0,0,0
0,0,2132.8,3118.6,0,7453,8791.7,0,0,6639.9,6844.3,4669.7,8102.2,0,1284.6,8001.7,6793,0,5289.4,0,3856.5,0,5312.8,0,0,0,0,0,0,0,0,0,0,0,0,0,0,0,0,0,0,0,0,0,0,0,0,0,0,0,0,0,0,0,0,0,0,0,0,0,0,0,0,0,0,0
0,0,1990.7,1960.4,0,6219.9,7550,0,0,6792.5,8677,4418.1,6371.3,0,0,7258.3,7199.4,0,6670.8,0,3369.2,0,3980.2,0,0,0,0,0,0,0,0,0,0,0,0,0,0,0,0,0,0,0,0,0,0,0,0,0,0,0,0,0,0,0,0,0,0,0,0,0,0,0,0,0,0,0
0,2795.4,3497,0,0,7058.5,5949.6,0,0,7415.3,6970,3745.5,7809,0,579.41,8667.6,6074,0,7479.4,0,0,0,4640.2,0,0,0,0,0,0,0,0,0,0,0,0,0,0,0,0,0,0,0,0,0,0,0,0,0,0,0,0,0,0,0,0,0,0,0,0,0,0,0,0,0,0,0
0,4254.6,3963.1,0,0,5533.3,6213.9,2567.1,0,6117.8,5981.3,4748.5,7685.7,0,1484.8,6878.7,5239.5,0,7860,0,0,0,5091,0,0,0,0,0,0,0,0,0,0,0,0,0,0,0,0,0,0,0,0,0,0,0,0,0,0,0,0,0,0,0,0,0,0,0,0,0,0,0,0,0,0,0
0,4171.9,4848.2,0,0,7199.1,6008.6,3060.7,0,7980.8,6773.5,5786.7,5589.7,0,880.68,5634.9,2979.2,0,6698.4,0,0,0,4450.3,0,0,0,0,0,0,0,0,0,0,0,0,0,0,0,0,0,0,0,0,0,0,0,0,0,0,0,0,0,0,0,0,0,0,0,0,0,0,0,0,0,0,0
3054.3,5199.3,4666.2,0,0,4964.5,4161.3,2689.3,0,6089.7,7481.4,5047.6,4669.8,0,3524.1,3993.9,2678.7,0,8147,0,0,0,4141.4,0,0,0,0,0,0,0,0,0,0,0,0,0,0,0,0,0,0,0,0,0,0,0,0,0,0,0,0,0,0,0,0,0,0,0,0,0,0,0,0,0,0,0
2188.6,4820.8,5842.8,0,0,5060.9,3782.4,3447.8,0,6233.4,6107.3,4584.2,4862.3,0,0,0,1893.1,0,7842,0,0,0,5808.2,0,0,0,0,0,0,0,0,0,0,0,0,0,0,0,0,0,0,0,0,0,0,0,0,0,0,0,0,0,0,0,0,0,0,0,0,0,0,0,0,0,0,0
0,5762.8,5939.3,0,2787.8,3513.6,1804.5,2066.5,0,5799.8,5134.2,3745.3,3956.1,0,0,2893.1,0,0,8541.8,0,0,0,4669.8,0,0,0,0,0,0,0,0,0,0,0,0,0,0,0,0,0,0,0,0,0,0,0,0,0,0,0,0,0,0,0,0,0,0,0,0,0,0,0,0,0,0,0
1764.9,4699.5,5840.4,0,3609.4,4472.2,0,3260.6,0,5262.1,5384.9,3229.9,3752.3,0,0,0,0,0,8882.8,0,0,0,4423.2,0,0,0,0,0,0,0,0,0,0,0,0,0,0,0,0,0,0,0,0,0,0,0,0,0,0,0,0,0,0,0,0,0,0,0,0,0,0,0,0,0,0,0
2290.1,5571.5,5414.9,0,6125.7,4713.7,0,3968.6,2039.8,4489.6,4580.8,2540,2960,0,0,0,0,0,8359,0,0,0,4466.3,0,0,0,0,0,0,0,0,0,0,0,0,0,0,0,0,0,0,0,0,0,0,0,0,0,0,0,0,0,0,0,0,0,0,0,0,0,0,0,0,0,0,0
2207.9,6213.5,4809.4,0,5637.7,2865,0,3199.1,0,5474.8,2256.4,0,0,0,0,3029.3,0,0,8685,0,0,0,3389.9,0,0,0,0,0,0,0,0,0,0,0,0,0,0,0,0,0,0,0,0,0,0,0,0,0,0,0,0,0,0,0,0,0,0,0,0,0,0,0,0,0,0,0
0,5642.6,4632.7,0,5618.8,3728.8,0,0,0,3903.4,0,0,0,0,0,2823.5,0,0,8529.9,0,0,0,5038.9,0,0,0,0,0,0,0,0,0,0,0,0,0,0,0,0,0,0,0,0,0,0,0,0,0,0,0,0,0,0,0,0,0,0,0,0,0,0,0,0,0,0,0
2404.2,7325.4,3259.3,0,7857.3,4131.5,0,0,5185,0,0,0,2466.2,0,0,3577.8,1408.4,0,6642,0,0,0,3674,2618.8,0,0,0,0,0,0,0,0,0,0,0,0,0,0,0,0,0,0,0,0,0,0,0,0,0,0,0,0,0,0,0,0,0,0,0,0,0,0,0,0,0,0
0,7423.7,3689.2,0,6101.4,3688.4,0,0,0,0,0,0,0,0,0,4553.7,2618.7,0,8224.8,0,0,0,4338.5,1947,0,0,0,0,0,0,0,0,0,0,0,0,0,0,0,0,0,0,0,0,0,0,0,0,0,0,0,0,0,0,0,0,0,0,0,0,0,0,0,0,0,0
0,7874.7,3008.5,2526.9,7679.9,4084.8,0,0,0,0,0,0,0,0,0,1900.4,4252,0,6606.5,0,0,0,0,2609.1,0,0,0,0,0,0,0,0,0,0,0,0,0,0,0,0,0,0,0,0,0,0,0,0,0,0,0,0,0,0,0,0,0,0,0,0,0,0,0,0,0,0
0,7984.9,4028.7,2353.8,5791.5,3017,0,0,5124.8,0,0,0,0,4032.7,0,2870.6,4163.9,0,5248.8,0,0,0,0,3442,0,0,0,0,0,0,0,0,0,0,0,0,0,0,0,0,0,0,0,0,0,0,0,0,0,0,0,0,0,0,0,0,0,0,0,0,0,0,0,0,0,0
0,7453.9,4534,3999.5,6750.7,3515.6,0,0,0,0,0,0,0,0,0,3518.4,4649.4,0,5087.3,0,0,0,0,4119,0,0,0,0,0,0,0,0,0,0,0,0,0,0,0,0,0,0,0,0,0,0,0,0,0,0,0,0,0,0,0,0,0,0,0,0,0,0,0,0,0,0
0,9286,2267.9,5187.7,5445.5,2935.3,2259.9,0,5204.4,3127.5,0,0,0,0,0,2758.6,5123.7,0,5964.7,0,0,0,1831.9,3911.8,0,2136.9,0,0,0,0,0,0,0,0,0,0,0,0,0,0,0,0,0,0,0,0,0,0,0,0,0,0,0,0,0,0,0,0,0,0,0,0,0,0,0,0
3953.1,8116.1,0,5161.4,5213.6,3236.1,3397,0,6015.3,3202.3,0,0,0,4749.8,0,3321.6,3027.9,0,4739.4,0,0,2849.9,0,4276,0,0,0,0,0,0,0,0,0,0,0,0,0,0,0,0,0,0,0,0,0,0,0,0,0,0,0,0,0,0,0,0,0,0,0,0,0,0,0,0,0,0
0,8981.4,0,6055.5,5429.3,1745.3,4186.2,0,0,0,0,0,0,0,0,0,3124.1,0,5443.7,0,0,2655.2,0,4742.6,0,0,0,0,0,0,0,0,0,0,0,0,0,0,0,0,0,0,0,0,0,0,0,0,0,0,0,0,0,0,0,0,0,0,0,0,0,0,0,0,0,0
0,9771,1517,5482,5416.5,2539.7,5160.3,0,4949.1,0,0,4322.3,0,0,0,2069.7,3747.2,0,5573.7,0,0,4397.1,3760.7,4018.3,0,0,0,0,0,0,0,0,0,0,0,0,0,0,0,0,0,0,0,0,0,0,0,0,0,0,0,0,0,0,0,0,0,0,0,0,0,0,0,0,0,0
0,6860.3,0,5386.2,4039,1826.2,6627,0,5191,0,0,0,0,2959.6,0,0,3581.7,0,4430.4,0,0,3917.6,3973.3,3121.9,0,0,0,0,0,0,0,0,0,0,0,0,0,0,0,0,0,0,0,0,0,0,0,0,0,0,0,0,0,0,0,0,0,0,0,0,0,0,0,0,0,0
0,7144.5,0,4986.3,3759.1,2717.5,7180.8,0,0,3372.3,0,3317,0,0,0,3158.6,2625.1,0,4852.1,0,0,0,3996.9,2311.8,0,0,0,0,0,0,0,0,0,0,0,0,0,0,0,0,0,0,0,0,0,0,0,0,0,0,0,0,0,0,0,0,0,0,0,0,0,0,0,0,0,0
0,3976,0,6065.5,4072,4266.6,7203.6,0,0,0,0,3154.7,0,2072.7,0,2708.6,3215.2,0,3598.6,0,0,0,3961.1,2891.4,0,0,0,0,0,0,0,0,0,0,0,0,0,0,0,0,0,0,0,0,0,0,0,0,0,0,0,0,0,0,0,0,0,0,0,0,0,0,0,0,0,0
0,3148.8,0,3487.8,3290.1,5609.2,7699.5,0,0,0,0,1603,0,2372.8,0,0,2779.8,0,3713.7,0,0,0,3068.1,0,0,0,3268.5,0,0,0,0,0,0,0,0,0,0,0,0,0,0,0,0,0,0,0,0,0,0,0,0,0,0,0,0,0,0,0,0,0,0,0,0,0,0,0
0,0,0,0,0,5992.3,7703.7,0,0,0,3213.3,3296.7,0,2687.4,0,2075.6,3601.9,0,3789.9,0,0,0,5099.7,0,0,0,3595.4,0,0,0,0,0,0,0,0,0,0,0,0,0,0,0,0,0,0,0,0,0,0,0,0,0,0,0,0,0,0,0,0,0,0,0,0,0,0,0
0,0,0,2818.7,0,4996.3,6950.7,0,0,0,4119.2,3137.5,0,3663.5,0,0,1327.8,0,4751.7,0,0,2235.7,5125.8,0,0,0,0,0,0,0,0,0,0,0,0,0,0,0,0,0,0,0,0,0,0,0,0,0,0,0,0,0,0,0,0,0,0,0,0,0,0,0,0,0,0,0
0,0,0,0,0,7539,6294.2,0,0,0,2573.1,1951.8,0,3600.3,0,0,0,0,3908.6,0,0,0,4715.2,0,0,0,0,0,0,0,0,0,0,0,0,0,0,0,0,0,0,0,0,0,0,0,0,0,0,0,0,0,0,0,0,0,0,0,0,0,0,0,0,0,0,0
0,0,2774.3,0,0,6340.1,5454.3,0,5776.8,0,4601,2309.3,0,4082.8,0,0,3708.9,0,3648.2,0,0,0,4663.5,0,0,0,0,0,0,0,0,0,0,0,0,0,0,0,0,0,0,0,0,0,0,0,0,0,0,0,0,0,0,0,0,0,0,0,0,0,0,0,0,0,0,0
0,0,2874.6,0,0,8966.9,5574.5,0,0,0,4877.1,2402.9,0,2940.8,0,0,1762.8,0,3422.6,0,3933,0,5745.5,0,0,0,0,0,0,0,0,0,0,0,0,0,0,0,0,0,0,0,0,0,0,0,0,0,0,0,0,0,0,0,0,0,0,0,0,0,0,0,0,0,0,0
0,0,4540.7,2222.7,0,9074.5,3216.6,0,0,0,4471.7,0,0,2563.2,0,4742,0,0,3014,0,0,0,4169.9,0,0,0,0,0,0,0,0,0,0,0,0,0,0,0,0,0,0,0,0,0,0,0,0,0,0,0,0,0,0,0,0,0,0,0,0,0,0,0,0,0,0,0
0,0,4913.6,1372.5,0,7626.1,2592.6,0,0,0,6796.6,0,0,3888,0,0,0,0,0,0,0,0,4578.9,0,0,0,0,0,0,0,0,0,0,0,0,0,0,0,0,0,0,0,0,0,0,0,0,0,0,0,0,0,0,0,0,0,0,0,0,0,0,0,0,0,0,0
0,2650.1,5201.4,0,0,6704.8,0,0,0,4136.9,6920.8,0,0,0,0,0,0,0,0,0,0,0,5994.1,0,0,0,0,0,0,0,0,0,0,0,0,0,0,0,0,0,0,0,0,0,0,0,0,0,0,0,0,0,0,0,0,0,0,0,0,0,0,0,0,0,0,0
