7325,1842.9,0,2273.2,0,0,7515.8,0,0,0,0,11609,7189.3,0,1828.9,5303.8,0,0,0,0,0,5121,8644.4,0,0,0,1669.1,0,0,0,0,0,0,0,0,0,0,0,0,0,0,0
5840.5,3452.4,0,1406.3,0,0,8347.6,0,0,0,0,9218.5,10293,0,3108.6,3534.5,0,0,0,0,0,7161.7,9661,0,0,0,0,0,0,0,0,0,0,0,0,0,0,0,0,0,0,0
8848.4,5467.5,0,0,0,1137.9,10532,0,0,0,0,9105.6,11013,0,7070.9,2761.6,0,0,0,0,0,8132.6,11001,0,0,0,0,0,0,1396.4,0,0,0,0,0,0,0,0,0,0,0,0
6687.4,5919.6,0,0,0,3919.5,8912.4,2682.3,2709.3,0,0,8030.7,8191.1,0,6700.8,4838.8,0,0,0,1682.6,0,8528.9,7904.8,0,0,0,0,0,0,455.63,0,0,0,0,0,0,0,0,0,0,0,0
8888.9,7512.4,0,0,0,5733.7,10924,3460.3,3542.2,0,0,8877.6,6040.8,0,10311,4542.7,0,0,0,3992.9,0,7830.6,7346.4,0,0,0,0,0,0,2563.5,0,0,0,0,0,0,0,0,0,0,0,0
8043.1,8525.2,0,0,2085,6494.3,10116,4659.2,4368.4,0,0,8067.2,7571.5,0,9765.4,4614,0,2690.8,0,3885.1,0,6514.1,4395.8,0,0,0,0,0,0,4118,0,0,0,0,0,0,0,0,0,0,0,0
8597.5,11795,0,0,3238.1,6611.4,9918,4605.1,5159.5,0,0,7992.5,7177.3,0,12490,3027,2791.1,3729.1,0,4375.7,0,4248.5,3932.1,0,0,0,0,0,0,2368,0,0,0,0,0,0,0,0,0,0,0,0
5531.2,11319,0,0,6883,6469.4,9018,6461.9,5792.8,0,0,8478.3,5237.5,0,12668,4488.1,5065.4,3618,0,3711.8,0,4774.6,2540.7,0,0,0,0,0,0,3669.1,0,0,0,0,0,0,0,0,0,0,0,0
5514,12439,0,0,5854.6,4582.9,10259,5174.1,0,0,0,8883.1,7530.1,0,11267,5451.8,5646.2,3927.7,0,2539.6,0,0,3152.5,0,0,0,0,0,0,3935.8,0,0,0,0,0,0,0,0,0,0,0,0
2859.9,9810.3,0,0,6629.6,6037.8,10859,8072.3,0,0,0,7389.1,4603,699.73,5593,6073.1,5424.2,4669,0,4023.5,0,0,0,0,0,0,0,0,0,3463.7,0,0,0,0,0,0,0,0,0,0,0,0
