0,0,0,3816.5,3103.5,0,3269.7,0,0,0,6376.4,2370,0,2680,0,0,0,0,1598.6,0,0,0,0,0,0,0,0,0,0,0
0,0,0,5094.7,3036.3,0,3289.3,0,0,0,6918.9,1759.5,0,3272.3,0,0,0,0,1842.7,0,0,0,0,0,0,0,0,0,0,0
0,0,0,4498.9,2253.1,0,3108.5,0,0,0,6484.6,3050.8,0,3953.5,0,0,0,0,1946.3,0,0,0,0,0,0,0,0,0,0,0
0,0,0,4345.4,3023.1,0,3069.5,0,0,0,6378.2,2334.3,0,3436.4,0,0,986.03,0,2711.6,0,0,0,0,0,0,0,0,0,0,0
0,0,0,5826,2769.9,0,2586.5,0,0,0,6506.2,2333.9,0,3357,0,0,0,0,2389.2,0,0,0,0,0,0,0,0,0,0,0
0,0,0,4873.4,3187.6,0,2816.8,0,0,2986.1,6020.3,1363,0,2855.1,0,0,2173.1,0,0,0,0,0,0,0,0,0,0,0,0,0
0,0,0,4391.6,2804.6,0,3069.7,0,0,2635.2,7399.5,2043,0,3393.9,0,0,1606.7,0,1173.6,0,0,0,0,0,0,0,0,0,0,0
0,0,0,4409,2369.1,0,3316,0,0,3482.3,6633.7,2152.7,0,3758.1,0,0,1814.3,0,778.96,0,0,0,0,0,0,0,0,0,0,0
0,0,0,4023.9,2533.4,0,3194.3,0,0,3433.3,5972.3,1152.6,0,993.6,0,0,2235.3,0,0,0,0,0,0,0,0,0,0,0,0,0
0,0,0,4677.3,2157.3,0,4701.6,0,0,3588.1,5274,1011.1,0,2638.4,0,0,2046.5,0,1067.2,0,0,0,0,0,0,0,0,0,0,0
0,0,0,3749.7,3861.8,0,5018.5,0,0,3338.3,6050.3,494.06,0,2373.1,0,0,1489.5,0,0,0,0,0,0,0,0,0,0,0,0,0
0,0,0,4981.6,3203.5,762.83,4117.1,0,0,4343.6,6020.6,0,0,3383.4,0,0,3100.3,0,0,0,0,0,0,0,0,0,0,0,0,0
0,1262.7,0,3552.2,3867,0,5207.7,0,0,5431.4,4761,0,0,289.2,0,0,2678.6,0,0,0,0,0,0,0,0,0,0,0,0,0
0,1335.6,0,4048.8,3977.7,0,4979.3,0,0,4270.7,4782,0,0,0,0,1333.4,1852.5,0,1146.2,0,0,0,0,0,0,0,0,0,0,0
0,947.48,0,3071.6,3839.3,2050,5581,0,0,5343.1,2666.2,0,0,0,0,1567.6,1986.9,0,1578.4,0,0,0,0,0,0,0,0,0,0,0
0,2315.1,0,2490.5,3774.1,2000.8,5211.5,0,0,5405.6,2765.1,0,0,368.2,0,2240.8,2602,0,1494.2,0,0,0,0,0,0,0,0,0,0,0
0,0,0,3598.9,4438,2019.2,5405.2,0,0,6166.6,4013.4,0,0,387.4,0,1954,2978.9,0,0,0,0,0,0,0,0,0,0,0,0,0
0,1715.5,0,2956.2,3420.8,2714.5,5056.5,0,0,5758.7,4575.5,0,0,2897.7,0,2847.3,3805,0,1625.1,0,0,0,0,0,0,0,0,0,0,0
0,1697.2,0,2844.7,4824.2,2245.5,5751.9,0,0,6352.8,4039.9,0,0,0,0,3157.5,2487.4,0,1730.7,0,0,0,0,0,0,0,0,0,0,0
0,1256.6,0,3675.6,4456.9,2812.8,5852.1,0,0,5873,3174.8,0,0,0,0,3901.5,3577.9,0,2523.3,0,0,0,0,0,0,0,0,0,0,0
0,1575.8,0,3557.1,5249.3,2029.9,7809.7,0,0,5515.2,2781.5,0,0,0,0,4259.2,3030.1,0,2482.7,0,0,0,0,0,0,0,0,0,0,0
0,2000.8,0,3736,6626,2161.9,5580.2,0,0,5159.9,4837.3,0,0,0,0,2238.6,3052.1,0,1436.6,0,0,0,0,0,0,0,0,0,0,0
0,1867.4,0,2645.7,6828.2,2037.1,6677,0,0,4906.5,2497.8,0,0,0,1127.2,4227,2961.5,0,1668.4,0,0,0,0,0,0,0,0,0,0,0
1380.6,1717.9,0,2177.3,4315.1,3040.1,5969.6,0,0,4973.2,2805,0,0,502.2,1197.4,2610.1,2835.1,0,2150.6,0,0,0,0,0,0,0,0,0,0,0
0,2481.1,0,1595.2,5329.7,1920.1,4690.6,0,0,5632.3,2624.3,0,0,0,1420.8,1985.8,2047.1,0,2208.3,0,0,0,0,0,0,0,0,0,0,0
1318.3,2261.6,0,2286.1,4809.9,2217.4,6418.6,0,0,4581.4,1179.9,0,0,0,1572,1733.2,2286.5,0,1372.2,0,0,0,0,0,0,0,0,0,0,0
0,1728.8,0,1721.6,4644.3,2424.8,6165.1,0,0,4771.4,2159.7,0,0,0,1718.6,1514.6,2110.2,0,0,0,0,0,0,0,0,0,0,0,0,0
0,2353.3,0,1718.9,4766.6,2556.5,7191.4,0,0,5761.5,1739,0,0,0,2460.3,2044.8,2718.1,0,0,0,0,0,0,0,0,0,0,0,0,0
1830,1951.3,0,2315.7,3366.4,2424.1,5357,0,0,5594.1,2093.2,0,0,0,2215.6,2388.3,1437.5,0,0,0,0,0,0,0,0,0,0,0,0,0
1852,1740.5,0,2503.2,5734.6,3925.9,5323.9,0,0,5468.7,1930,0,0,1418.4,2012.8,2153.2,2082.3,0,1373.7,0,0,0,0,0,0,0,0,0,0,0
1843.1,1956.4,0,2211.5,4959.3,2654.3,6405.3,0,0,5668.1,2103.1,0,0,2574.9,1540.6,1305.4,2217.6,0,0,0,0,0,0,0,0,0,0,0,0,0
2318.5,2290.2,0,3071.4,5980.2,2283.6,8681.8,0,0,5689.9,1907.9,785.44,0,3159.1,0,0,0,0,0,0,0,0,0,0,0,0,0,0,0,0
2824.3,3391.9,0,2694.6,6467.1,2803,5621.4,0,0,6966.2,1803.9,0,0,4190.2,962.48,1802.7,0,0,0,0,0,0,0,0,0,0,0,0,0,0
2367.1,2816.7,0,2862.3,7098.5,3349.7,6098.3,0,0,6120.6,1762.1,0,0,3858.3,0,1727.7,0,0,0,0,0,0,0,0,0,0,0,0,0,0
2624.2,1671.5,0,3032.6,5716,2674.4,2564.3,0,0,4782.8,2418.7,0,0,4278,0,1831.3,0,0,0,0,0,0,0,0,0,0,0,0,0,0
2445,1877.8,0,3255.8,6451.9,2359.8,2878.8,841.5,0,6055.7,1416.8,0,0,4773.7,0,0,0,0,0,0,0,0,0,0,0,0,0,0,0,0
2847.7,1723,0,2733.7,6696.5,1523.6,3425,0,0,7149.8,2832,0,0,4519,0,1734.4,0,0,204.29,0,0,0,0,0,0,0,0,0,0,0
2132.9,2013.3,0,2527.7,5569.5,1573.2,2030.3,0,0,8321.6,2778.2,0,2220.6,3687.5,0,2709.1,1189.1,0,0,0,0,0,0,0,0,0,0,0,0,0
2837.7,0,0,2247.4,5634.9,1530.2,606.72,837.77,0,6405.7,2844.9,0,0,3913.5,0,2849.8,0,0,0,0,0,0,0,0,0,0,0,0,0,0
1967.6,719.02,0,2006.5,6680.9,1389.1,2323.1,680.05,0,7220,2573.6,0,0,2569.4,0,2183,696.53,0,0,0,0,0,0,0,0,0,0,0,0,0
2655.2,0,0,2345.3,5808.7,1087.9,1224.7,1236.7,0,6639.4,3261.6,0,2567,2575.9,0,2446.8,1519,0,0,0,0,0,0,0,0,0,0,0,0,0
