5814.7,5743.8,597.17,5263.3,3024.6,0,7440,5421.9,3764.1,2976.8,6032.8,5139.6,6982.2,6512.8,7532.1,8291.4,5460.6,6778.3,7788.5,5246.4
7184.7,6108.3,0,6958.7,3737.6,0,7246.7,6617.3,4669.1,4247.1,5947.9,5919.5,6626.5,6728.6,7952.5,6862.2,6650.8,7120.6,7776,5518.2
6412.5,6485.7,0,5462.5,3854.1,442.96,6244,5872.9,4158,2397.1,6267.6,6130,5934.8,7133.8,8158.1,8493.9,7214.1,7373.2,8192.7,5135.9
7371.2,6773.3,0,5719.8,4127.5,1512.9,6920.6,5604.3,5185.3,2677.3,5777.8,6650.6,6575.4,6981.4,9585,9082.6,6911.5,7582.9,7695.2,5443.9
6582.3,5264.5,0,5876.6,5251.3,0,4793.9,6398.6,4820.1,2736.7,7124.1,2416.9,7006.8,7752.3,9253.2,8920.5,8597.1,7396.5,8639,5256.5
7411.4,6293,943.74,5708.4,4711.5,0,6714.2,7376.1,5538.7,2944.1,6272.6,6990.8,5411.1,6247.4,7999.6,7599.4,6352.5,8323.7,8461.2,7116.7
6791.9,7666.9,920.13,6394.6,5366.7,0,6020.1,6891.5,3739.8,1329.6,119.32,7402.7,4008.2,6393,7806,8358.9,6409.7,6824.7,8843,6399.3
6531.2,7043.5,584.43,7095.7,5714.4,0,5868.9,4960.8,3714,0,4861,7806.5,4302.8,7561.2,7015,7552.4,8036.2,6655.1,7652.6,5502
6471.3,6482.4,856.62,6125.8,5764.1,0,5860.5,6936.3,3770.5,0,5152.9,8703.9,4256.9,6067.3,7104.7,6786.8,6338.9,6082.9,7513.5,6342.4
6746.7,6950.2,0,4710.5,7189.2,0,6243.7,8027.4,2141.2,0,258.66,9007.1,3475.6,7707.4,7540,8449.5,5610.1,8067.6,7107.9,6433.1
7132.6,8519.8,31.456,3949.6,6350.3,0,6424.3,7351.1,5378.3,1637,2999.7,9035.5,3843.6,7575.8,6933.1,8198,8333.4,6551.4,6851.5,6969.3
7907,6344.9,0,4349.6,5505.6,0,7890.4,6347.5,4955.3,1885.8,0,8254.1,2730.5,7836.8,8201.2,8302,7682.9,6640.7,6152.6,6366.6
5531.8,5576.2,0,3244.1,6998.3,1081,5719.8,6612.7,6068.5,1849.8,0,8312.2,3751.6,8291.7,8677.9,5961.1,7935.3,7421,6636.9,7255.5
5010.1,6888.5,635.06,3483.4,6650.5,0,7198.2,5913.9,5962.6,2682.1,0,7902.9,3151,8517.4,7909,6641.5,8560.1,6857,5566.5,8260
4547.5,5492.3,6014.1,2366.7,7616.8,1480.1,7498.1,5577.2,6081.1,2607.1,0,9041.9,2024,7321.7,6893.3,6156.3,7627.3,6207.4,5830.2,8259.1
4234.6,5858.6,819.72,3392.1,7162.6,2261.7,7951.5,5806.3,6994.4,4416.4,0,8794.5,3026.9,7286.5,8369.6,5322.5,8013.2,6241.2,5773.7,8354.7
4192.8,5414.7,4907.6,3565.4,7934.8,1809.6,7621,5777.8,7685,2715.5,0,8950.4,2455.3,8140.1,7515.2,5018.8,8803.8,5489.1,6950.5,8417
4395.8,5371.8,6748.9,4018,7580.2,2577.3,6870.1,4278.9,6206.4,4304.6,0,8605.2,4541.5,7034,7449.7,5589.7,8076.6,5942,7137.2,8317.5
3502.8,4131.2,6612.2,3171.2,6717.4,2750.9,8993.1,6011.1,6057.9,4298.8,0,7637.8,4163.4,7754.2,6919.3,5832.3,5565.4,6143.7,7833.5,7770.9
4413.5,4229.7,6355.9,0,6976.4,2402.4,8281.9,6068.5,6578.3,3313.7,0,7017.8,4002.3,7418.7,6569.8,4968.4,5625,5590.2,6826.5,6304.6
3564.4,3453,6337.4,918.9,7602.5,2612.6,8045.7,6330.1,6368.5,3742.7,0,6506.8,5992,6432.1,7208.2,5300,4907.3,6962.6,6251,7234
3259.4,4521.6,6789.3,3541.5,8171.5,2648.2,9456.1,6407,5221.4,3428.1,0,7394.3,6026,7261.6,7780.5,4365.5,2775,6209.5,7493.5,7569.5
3220.3,5713.1,5756.3,355.05,7028.1,2350.9,8674.6,6542.8,5030.9,3492.9,0,7291.2,5544.6,7403.8,7709.9,4192.8,5070.5,6976.3,7144.3,8064.6
2500.6,5781,6102.3,97.817,7510.7,3978,9406.5,6808.7,4433,3665.9,0,7131.8,6724.6,7340,6867.7,3488.7,3816.3,6239.5,7876.8,6924.5
1800.7,5781.9,5536,4235.2,6361.3,3941,6623.5,7062.4,3162.4,2928,0,7501.3,7236.9,6558.6,7385.9,4399.1,4675,5914.7,6962.7,7743.3
1343.6,6886.2,5908.5,3166.9,5521.3,3696.9,7351.9,6874.1,3099.9,3597.7,0,5759.1,6163.6,6086.8,6797.5,4535.1,3880,4494.4,7751.7,8378.7
1250.3,6784.6,5305.3,3923.7,5646.5,4779.2,6833,7883.4,3340.7,3167.2,2929.6,6199.3,6717.8,7004.1,5925.2,4709,3087.8,4927.1,5929.4,9087.6
1418.4,5505,6830.9,3776,5206.6,4516.1,7310,5922.2,2100.5,2505.3,0,4158.6,6403.7,6225.6,6406.8,4588,3399.5,4906.7,5942,9409
1767.7,5712.6,6112.7,0,5388.9,4782.9,6593.9,6912,3738.4,3680.3,0,6369.2,5539.8,6739.8,5728,5219.2,4280,4307.7,4566.8,7995.3
