spot_1	spot_2	spot_3	spot_4	spot_5	spot_6	spot_7	spot_8	spot_9	spot_10	spot_11	spot_12	spot_13	spot_14	spot_15	spot_16	spot_17	spot_18	spot_19	spot_20	spot_21	spot_22	spot_23	spot_24	spot_25	spot_26	spot_27	spot_28	spot_30																																																																												
8782.9	1673.3	6511.5	9755.5	13102	0	7871.6	0	5243.4	7766.9	4400.3	0	0	1246.7	7890.9	12469	8334.8	11904	0	0	0	3958.1	0	0	0	2527.3	6602.4	6365.6	0	0	0	0	8356.8	0	2280.5	5627.8	0	0	0	0	0	0	0	0	0	0	0	0	0	0	0	0	3834.7	13851	5142.1	5451.4	5289.8	1573.2	2213	8050.6	10194	8718.2	0	0	0	0	0	0	0	0	0	0	0	0	0	0	0	0	0	0	0	0	0	0	0	0	0	0	0	0	0	0	0	0	0	0	0	0	0	0	0	0	0	0	0
8464.2	2543.9	6102.6	11089	14431	0	8657.9	0	4467.5	7783.7	3777.5	0	0	0	6723.5	10975	7672.4	11674	0	0	0	5912	0	0	0	4713	9392.7	5169.5	0	0	0	0	6392.4	0	0	6207.3	0	0	0	0	0	0	0	0	0	0	0	0	0	0	0	0	4372	14165	4908	4822.5	6004.6	0	5022.9	8518.6	9369.7	9830.4	0	0	0	0	0	0	0	0	0	0	0	0	0	0	0	0	0	0	0	0	0	0	0	0	0	0	0	0	0	0	0	0	0	0	0	0	0	0	0	0	0	0	0
9053.9	1166.5	7563.9	10206	10734	0	10289	0	4621.7	9047.4	3819.2	0	0	3070.2	5520.2	11377	7615.9	16024	0	0	2751.5	7446.6	0	0	0	7497.4	10186	4095.2	0	0	0	0	5959.6	0	2702.3	3490.7	0	0	0	3745.5	0	0	0	0	0	0	0	0	0	0	0	0	0	14073	5272.6	3530.4	7333.1	1686.9	7721.9	10188	6399.6	8528	0	0	0	0	0	0	0	0	0	0	0	0	0	0	0	0	0	0	0	0	0	0	0	0	0	0	0	0	0	0	0	0	0	0	0	0	0	0	0	0	0	0	0
9828.2	5421.1	7351.1	11509	9717.2	0	10841	0	3735.9	7771.3	4967.1	0	0	3883	7254.8	10755	5356.1	15585	0	0	3308.5	7850.4	0	0	0	9859.4	10908	4234.4	3164.3	0	0	0	5453	0	0	2586.5	0	0	0	3057.7	0	0	0	0	0	0	0	0	0	0	0	0	0	12866	4628.2	3295.4	7416.1	2576.4	7572.7	10520	4136.5	7900.7	0	0	0	0	0	0	0	0	0	0	0	0	0	0	0	0	0	0	0	0	0	0	0	0	0	0	0	0	0	0	0	0	0	0	0	0	0	0	0	0	0	0	0
10786	9167.9	5585.9	11296	10542	0	12455	0	0	4439.1	8360.3	0	1776.8	2793.1	7834	8561.2	4750.6	15338	0	0	5057.2	10377	0	0	0	12229	11693	5624.6	4546.7	0	0	0	5258.3	0	0	5138	0	0	0	2519.6	0	0	0	0	0	0	0	0	0	0	0	0	0	12044	4786	3476.1	7723.9	0	4841.7	11540	3749.8	5983.6	0	0	0	0	0	0	0	0	0	0	0	0	0	0	0	0	0	0	0	0	0	0	0	0	0	0	0	0	0	0	0	0	0	0	0	0	0	0	0	0	0	0	0
11522	11901	4945.9	11182	8773	0	12892	0	3332.3	4673.5	7649.7	2082.7	3262.5	4581.2	8474.4	6188.4	4648.8	12409	0	0	6189	7909.5	0	0	0	13374	10150	3476.4	5872.9	0	0	0	3333.4	0	3202.1	0	0	0	0	0	0	0	0	0	0	0	0	0	0	0	0	0	0	11740	6905.8	3594.5	10225	0	6813.4	11202	6235.2	0	0	0	0	0	0	0	0	0	0	0	0	0	0	0	0	0	0	0	0	0	0	0	0	0	0	0	0	0	0	0	0	0	0	0	0	0	0	0	0	0	0	0	0
15631	14628	5084.5	11590	12353	0	14169	0	0	0	10694	0	5638.8	6763.6	10569	5976.6	3915.5	13262	0	0	7706.7	6905.7	0	0	0	13397	9925.1	4016.6	5963.6	3536	0	0	3754.7	0	5674.9	8667.8	0	0	0	0	0	0	0	0	0	0	0	0	0	0	0	0	1737.8	8714	8976.4	5595.9	8722.3	0	7267.9	10518	7731	0	0	3385.6	0	0	0	0	0	0	0	0	0	0	0	0	0	0	0	0	0	0	0	0	0	0	0	0	0	0	0	0	0	0	0	0	0	0	0	0	0	0	0	0	0
14010	17152	4350.9	13871	11581	0	11410	0	5215.6	0	10876	4883.7	7989.2	5214.4	9914.6	5120	4397.1	13255	0	2557.7	9282.1	5712.1	2248	0	0	13084	11721	3910.7	6842.3	4539.7	0	0	0	0	7719.5	7692.1	0	0	0	0	0	0	0	0	0	0	0	0	0	0	0	0	3986.4	8635.5	9963.2	6969.2	8417.5	0	7811.3	10825	8399.9	0	0	4767.7	0	0	0	0	0	0	0	0	0	0	0	0	0	0	0	0	0	0	0	0	0	0	0	0	0	0	0	0	0	0	0	0	0	0	0	0	0	0	0	0	0
16171	15507	4809.9	13747	11333	0	10893	0	6847.9	3688.5	13782	4920.3	9904.5	5898.1	8867.1	7100.4	5891.6	12115	0	3157.9	8035.4	7458.5	3343.1	0	0	11286	12666	0	3401.6	7746.6	1576.4	0	0	0	10119	8208	0	0	0	0	0	0	0	0	0	0	0	0	0	0	0	0	6345.3	6528.9	11698	7957.5	8730.5	0	9027.6	11238	9869.9	0	0	4405.2	0	0	0	0	0	0	0	0	0	0	0	0	0	0	0	0	0	0	0	0	0	0	0	0	0	0	0	0	0	0	0	0	0	0	0	0	0	0	0	0	0
15341	15169	3420.2	11875	9191	0	8213.3	0	8066.2	0	11355	5933.2	7527.5	5309.5	9678	8017.8	6554	11436	0	4890.9	7489.7	7233.4	4955	0	0	7858.7	12658	0	4153.9	8882.7	4052.3	0	0	0	10807	8481.8	2554.2	0	0	0	0	0	0	0	0	0	0	0	0	0	0	0	6293.2	6875.6	10913	9188.1	11361	0	7746.7	9434.2	9508.4	0	0	4774.8	0	0	2386.5	0	0	0	0	0	0	0	0	0	0	0	0	0	0	0	0	0	0	0	0	0	0	0	0	0	0	0	0	0	0	0	0	0	0	0	0	0	0
13666	16357	0	12752	5619	0	8533.5	0	7453.3	3457.6	12246	4727.9	8951.3	8765.3	6675.9	9779.5	8387.4	7799	0	4054.4	6102.9	4383.8	4793.4	0	0	7743	10207	0	2545.9	10154	4130.8	0	0	0	12211	4842.5	2210.4	0	0	0	0	0	0	0	0	0	0	0	0	0	0	0	10108	7768.7	10059	8788.7	8322.2	0	7711.3	7827.4	7074.8	0	0	3969.7	0	0	2906.5	0	0	0	0	0	0	0	0	0	0	0	0	0	0	0	0	0	0	0	0	0	0	0	0	0	0	0	0	0	0	0	0	0	0	0	0	0	0
13596	17579	0	11458	4811.6	0	8814.6	0	5076.6	4386	11312	4558.3	8480.6	7695	6271.7	9990.8	11008	6144.4	3779.4	3577.4	6093.7	3836.6	4245.5	0	0	6296.6	10123	0	0	7221.9	6417.8	0	0	0	11741	5744	2043	0	0	0	0	0	0	0	0	0	0	0	0	0	0	0	9338.2	10368	6761.2	9126.3	9532.6	0	9398.9	8998.9	4185.2	0	0	2668.2	0	0	0	0	0	0	0	0	0	0	0	0	0	0	0	0	0	0	0	0	0	0	0	0	0	0	0	0	0	0	0	0	0	0	0	0	0	0	0	0	0
10927	14804	0	10078	4919	0	7619.5	0	2945.2	5246.6	10567	5475.6	7817.8	7254.7	6119.1	6945.7	10296	4573.9	4811.2	2692.7	4073.8	4073.3	3134.3	0	0	3404.8	11487	0	0	6718.9	6941.8	0	0	0	12408	0	4174.5	0	0	0	0	0	0	0	0	0	0	0	0	0	0	0	7922.7	9806.6	4437.8	9316.1	7658	0	9111.4	8691.5	6732.6	0	0	0	0	0	0	0	0	0	0	0	0	0	0	0	0	0	0	0	0	0	0	0	0	0	0	0	0	0	0	0	0	0	0	0	0	0	0	0	0	0	0	0	0
12631	15281	4408.6	4216.7	6736.7	0	8018.5	0	0	6375.6	9998.5	7220.8	7137.8	8168	7781.1	6655.3	10370	4673	3135.5	0	2999.7	0	0	0	0	2802.6	9974.9	0	0	4799.8	6120.1	0	0	0	9868.7	0	4582.8	0	0	0	0	0	0	0	0	0	0	0	0	0	0	0	4798.2	9812.5	0	8957.4	7123.3	0	9402.9	6713.3	6738.1	4197.1	0	0	0	0	0	0	0	0	0	0	0	0	0	0	0	0	0	0	0	0	0	0	0	0	0	0	0	0	0	0	0	0	0	0	0	0	0	0	0	0	0	0	0
12221	15277	5396.2	3937.8	7892.6	0	4844.2	0	0	6035.7	10090	8611.5	8304.9	7616.7	7339	4192.9	12345	0	4291.9	0	0	3477.3	0	0	0	4258.9	8425.1	5966.6	0	4057.6	4477.4	0	0	0	6952.7	0	4822.5	0	0	0	0	0	0	0	0	0	0	0	0	0	0	0	4377	8932.2	0	7367.7	5424.9	0	7045.3	8699.1	5566.3	5866.8	0	0	0	0	0	0	0	0	0	0	0	0	0	0	0	0	0	0	0	0	0	0	0	0	0	0	0	0	0	0	0	0	0	0	0	0	0	0	0	0	0	0	0
12239	9994.3	6039	4996	10156	0	3159.2	0	0	5890.1	6187.2	7851.2	7108.4	8993.6	6368.7	3502.1	0	3972.7	6381.2	0	0	0	0	0	0	5759.2	8866	5421.9	0	4570.8	3682.1	0	0	0	6345.7	0	4960.4	0	0	0	0	0	0	0	0	0	0	0	0	0	0	0	3379.4	9455.6	0	6172.8	8779.1	0	5298.7	8544.3	4607.7	6126.4	0	0	0	0	0	0	0	0	0	0	0	0	0	0	0	0	0	0	0	0	0	0	0	0	0	0	0	0	0	0	0	0	0	0	0	0	0	0	0	0	0	0	0
12810	14124	6469.7	7095	10946	3398.4	2100.6	0	0	7611.9	5625.2	7863.8	5476.8	10953	6930.9	0	10629	4230.1	7465.3	0	0	0	0	0	0	4603.1	8293.9	0	0	5097.9	3425.1	0	0	5861.1	7575.7	0	3506.9	0	0	0	0	0	0	0	0	0	0	0	0	0	0	0	0	9538.2	0	5892.1	10294	0	4893	11406	4735.7	7662	0	0	0	0	0	0	0	0	0	0	0	0	0	0	0	0	0	0	0	0	0	0	0	0	0	0	0	0	0	0	0	0	0	0	0	0	0	0	0	0	0	0	0
12301	7886.8	7962.6	7687	9626.2	6067.8	0	0	4414.3	7121.9	5288.5	9126.5	4688	10513	5323	0	11671	5746.4	12577	0	0	0	0	0	0	4304.9	5430.9	0	0	4741.9	1896.4	0	0	0	6793.7	0	0	0	0	0	0	0	0	0	0	0	0	0	0	0	0	0	0	7206.1	0	3661.7	10234	0	3345.8	12212	5100.6	7609.4	0	0	0	0	0	0	0	0	0	0	0	0	0	0	0	0	0	0	0	0	0	0	0	0	0	0	0	0	0	0	0	0	0	0	0	0	0	0	0	0	0	0	0
10476	10637	9434.2	9955.8	10745	8822.7	4133.9	0	6608.7	0	4250.4	8017.5	3401.8	9327	5503	0	10883	6703.1	9538.8	0	0	0	0	0	0	5020.2	4549.8	0	0	6033.5	1874.4	0	0	5405.6	4626.3	0	0	0	0	0	0	0	0	0	0	0	0	0	0	0	0	0	0	7806.8	0	3708.9	12009	0	0	13949	5663.1	7608.5	0	3687.2	0	0	0	0	0	0	0	0	0	0	0	0	0	0	0	0	0	0	0	0	0	0	0	0	0	0	0	0	0	0	0	0	0	0	0	0	0	0	0	0	0
9431.1	9996.3	10278	12366	12974	10610	7484.4	0	6152.3	8531.9	5509.6	6317.7	0	6938.8	0	3735.4	11828	5819.2	9911.8	0	0	0	0	0	0	6409.9	3570.9	2459.9	0	5743.4	0	0	0	6663.6	5610.3	0	0	0	0	0	0	0	0	0	0	0	0	0	0	0	0	0	0	7773.4	0	4558.9	12376	0	0	13005	6978.9	5502.4	0	4910.1	0	0	0	0	0	0	0	0	0	0	0	0	0	0	0	0	0	0	0	0	0	0	0	0	0	0	0	0	0	0	0	0	0	0	0	0	0	0	0	0	0
10613	4353.4	10546	14267	10456	10709	9240.4	0	6040.3	7318.5	4376.9	4959.9	1882.7	5303.9	4402.5	0	11278	5760	8744.6	0	0	0	0	0	0	9994	3515.1	0	0	5935.7	3968	0	0	5696	5367	0	0	0	0	0	0	0	0	0	0	0	0	0	0	0	0	0	0	6084.2	0	0	12844	0	0	16196	7931.4	5105.8	0	8614.8	0	0	0	0	0	0	0	0	0	0	0	0	0	0	0	0	0	0	0	0	0	0	0	0	0	0	0	0	0	0	0	0	0	0	0	0	0	0	0	0	0
10969	6296.6	9774.2	15173	10963	9307.3	10916	0	7805.5	9273.6	6154.7	5092.6	0	4023.9	5177.5	0	10541	5250.1	8360.2	0	0	0	0	0	0	8893.5	0	0	0	4004	6322.8	0	0	7187.6	5511.5	4670.6	0	0	0	0	0	3426.7	0	0	0	0	0	0	0	0	0	0	0	6386.4	0	0	11258	0	0	13883	6731.3	4031.3	0	9291.2	0	0	0	0	0	0	0	0	0	0	0	0	0	0	0	0	0	0	0	0	0	0	0	0	0	0	0	0	0	0	0	0	0	0	0	0	0	0	0	0	0
13047	3278.6	7541	14839	0	10370	13962	0	7699.5	7261.9	5676.7	4224.4	0	4662	5288.3	2319.5	7414.1	3923	8305.1	0	0	0	0	0	0	11326	0	2621.5	0	3641.1	8829.5	0	0	6666.6	3282.2	7281.1	3541.3	0	0	0	0	0	0	0	0	0	0	0	0	0	0	0	5898.4	9481.3	0	0	12028	0	0	14660	5266.7	0	0	8206.1	0	0	0	0	0	0	0	0	0	0	0	0	0	0	0	0	0	0	0	0	0	0	0	0	0	0	0	0	0	0	0	0	0	0	0	0	0	0	0	0	0
10939	3764.8	8587.8	12715	6449.5	9807.3	12045	0	7506.2	4166.8	7558.1	6450.6	2962.2	0	7524	4322.1	5746.1	0	5681.9	0	0	0	0	0	0	10461	0	0	0	0	10379	0	0	0	2895.5	8605.8	7448.2	0	0	1594.8	0	4503.3	0	0	0	0	0	0	0	0	0	0	6704.3	11320	0	0	9684.7	0	0	15946	5368.9	0	0	7282.9	0	0	0	0	0	0	0	0	0	0	0	0	0	0	0	0	0	0	0	0	0	0	0	0	0	0	0	0	0	0	0	0	0	0	0	0	0	0	0	0	0
12424	166.53	6408.7	10855	3471.3	13839	11783	0	8586.8	0	7403.9	7571.7	0	0	8154.9	4141	4983.5	3412.6	4596.4	0	0	0	0	0	0	8561.6	0	0	0	0	11005	0	0	0	5297.1	8058.8	9102.9	0	0	0	0	4339.3	0	0	0	0	0	0	0	0	0	0	8877.9	10575	0	0	9785.5	0	0	14500	5051.4	0	0	6517.1	0	0	0	0	0	0	0	0	0	0	0	0	0	0	0	0	0	0	0	0	0	0	0	0	0	0	0	0	0	0	0	0	0	0	0	0	0	0	0	0	0
9848.8	0	5426.7	8104.4	2693.3	11894	11898	0	8182.9	0	5339.2	6944.6	0	0	7670.5	4177.5	5052	4184.8	0	0	0	0	0	0	0	8105.2	0	2929.7	0	0	11805	0	0	0	4832.3	7492.4	9747.9	0	0	0	0	3605.9	0	0	0	0	0	0	0	0	0	0	10666	10873	0	5294	8702.3	0	0	13030	4974.8	0	0	5306.4	0	0	0	0	0	0	0	0	0	0	0	0	0	0	0	0	0	0	0	0	0	0	0	0	0	0	0	0	0	0	0	0	0	0	0	0	0	0	0	0	0
