6584.8,0,0,2591.6,5860.5,0,4255.8,0,6164.9,0,4478.9,2390,2544.6,2019.3,0,0,5640.1,0,0,4813.1,0,0,0,0,0,0,0,0,0,0,0,0,0,0,0,0,0,0,0,0,0,0,0,0,0,0,0,0,0,0,0,0,0,0,0,0,0,0
5157.7,0,0,2807.1,5410.7,0,5300.1,0,6697.4,0,4668.8,2219.7,2606.4,2505.4,0,0,4767.6,0,0,6077.8,0,0,0,0,0,0,0,0,0,0,0,0,0,0,0,0,0,0,0,0,0,0,0,0,0,0,0,0,0,0,0,0,0,0,0,0,0,0
6569.6,0,0,2218.6,6417.5,0,5103.9,0,6314.9,0,5474.9,2975.8,3719.4,2794.1,0,0,5372.7,0,0,5365.1,0,0,0,0,0,0,0,0,0,0,0,0,0,0,0,0,0,0,0,0,0,0,0,0,0,0,0,0,0,0,0,0,0,0,0,0,0,0
7577.9,0,1482.2,2756.3,6088.3,0,4687.3,0,6466.4,0,5945.1,4543.5,3393.5,1871.2,0,0,4136.4,0,0,6014.4,0,0,0,0,0,0,0,0,0,0,0,0,0,0,0,0,0,0,0,0,0,0,0,0,0,0,0,0,0,0,0,0,0,0,0,0,0,0
6556.9,0,1371.6,4370.8,4982,0,4455.9,0,7920.5,0,5588,4391.1,3957.1,0,0,0,3944,0,0,5107.8,0,0,0,0,0,0,0,0,0,0,0,0,0,0,0,0,0,0,0,0,0,0,0,0,0,0,0,0,0,0,0,0,0,0,0,0,0,0
7020.4,0,2362.8,3539.7,4450.3,0,6198.4,0,7215.1,0,4650.8,5245,4291.7,1522.3,0,0,3761.6,0,0,4341.8,0,0,0,0,0,0,0,0,0,0,0,0,0,0,0,0,0,0,0,0,0,0,0,0,0,0,0,0,0,0,0,0,0,0,0,0,0,0
7115.7,0,2535.5,4741.2,7186.2,1422.6,4929.9,0,7216.2,0,4454.2,4290.8,4401.4,0,0,0,2934.1,0,0,4750.1,0,0,0,0,0,0,0,0,0,0,0,0,0,0,0,0,0,0,0,0,0,0,0,0,0,0,0,0,0,0,0,0,0,0,0,0,0,0
6705,0,3365.1,4672.4,6583.2,0,7237.2,0,7662.1,0,4515.9,4950.9,5688.7,2340.5,0,0,3190.7,0,0,2894.2,0,0,0,0,0,0,0,0,0,0,0,0,0,0,0,0,0,0,0,0,0,0,0,0,0,0,0,0,0,0,0,0,0,0,0,0,0,0
6954.8,0,4042.9,4431.5,7203.5,1552.5,5961.9,0,8820.5,0,4134.4,4358.9,5390.8,3443.3,0,0,2289.1,0,1291.7,2863.8,0,0,0,0,0,0,0,1391,0,0,0,0,0,0,0,0,0,0,0,0,0,0,0,0,0,0,0,0,0,0,0,0,0,0,0,0,0,0
6366.4,0,3099.5,5456.2,8421.7,1394.7,6227.4,0,9130.8,0,4786.5,5125.3,5381.6,2216.5,0,0,1960.2,0,2350.8,2747.4,0,0,0,0,0,0,0,1047.2,0,0,0,0,0,0,0,0,0,0,0,0,0,0,0,0,0,0,0,0,0,0,0,0,0,0,0,0,0,0
6476.7,0,3731.6,5129.3,6562.7,2583,5795.7,0,8502.3,0,5576.9,3524.4,5259.7,2408.3,825.18,0,2706.4,0,1694,3171.2,0,0,0,0,0,0,0,2796.8,0,0,0,0,0,0,0,0,0,0,0,0,0,0,0,0,0,0,0,0,0,0,0,0,0,0,0,0,0,0
5537.3,0,3821.1,3498.2,8905.4,2629.7,5060.2,0,8270.2,0,4739.7,3501.1,4609.6,2548.3,1470.2,0,1362.8,0,2721.4,3083.1,0,0,0,0,0,0,0,1721.8,0,0,0,0,0,0,0,0,0,0,0,0,0,0,0,0,0,0,0,0,0,0,0,0,0,0,0,0,0,0
5781.9,0,4874.9,4788.8,5808.9,3132.9,5434.5,0,8516,0,3226.4,3339.6,4956.6,2910.1,2625.9,0,0,0,2632.8,1756.8,0,843.47,0,0,0,0,0,3008.1,0,0,0,0,0,0,0,0,0,0,0,0,0,0,0,0,0,0,0,0,0,0,0,0,0,0,0,0,0,0
6104.5,1311.9,5453.9,4579.4,5544.3,4607,6430.4,0,7943.9,0,2293.8,3995.6,4344,3222.3,2458.2,0,1312.8,0,3360.5,2464.9,0,1469.8,0,0,0,0,0,3030.3,0,0,0,0,0,0,0,0,0,0,0,0,0,0,0,0,0,0,0,0,0,0,0,0,0,0,0,0,0,0
6193.1,0,5380.9,6064.6,5774.5,4121.5,6432.3,0,8391.9,0,3206,3377.6,4028.8,3711.3,3207.3,0,1335,0,3063.5,2670.7,0,0,0,0,0,0,0,2800.9,0,0,0,0,0,0,0,0,0,0,0,0,0,0,0,0,0,0,0,0,0,0,0,0,0,0,0,0,0,0
5164.5,0,5425.5,5890,6503.2,4370,5929.1,0,7683.2,0,3454.7,3462.1,3990.7,2541.9,3076.9,0,1378.1,0,3584.6,2389.4,0,901.97,0,0,0,0,0,3790.7,0,0,0,0,0,0,0,0,0,0,0,0,0,0,0,0,0,0,0,0,0,0,0,0,0,0,0,0,0,0
4663.9,1434,5842.3,5898.3,6067.3,4184.1,6537,0,8779,0,2814.2,3661,4131.5,4022.3,4309.8,0,1687.5,0,3161.2,1696.4,0,0,0,0,0,0,0,4341.1,0,0,0,0,0,0,0,0,0,0,0,0,0,0,0,0,0,0,0,0,0,0,0,0,0,0,0,0,0,0
5790.2,1956.3,5354.8,7250,6731.9,5633.2,6932.5,0,8557,0,2761.9,2520.4,5227.1,3192.5,4150.5,0,1228.3,0,4211.2,762.39,0,0,0,0,0,0,0,4128,0,0,0,0,0,0,0,0,0,0,0,0,0,0,0,0,0,0,0,0,0,0,0,0,0,0,0,0,0,0
5653.9,2419.3,5455.2,7356.1,5185.2,5501.7,6620.5,0,8679.2,0,2215.2,3307.2,5724.8,3921.1,4773.9,0,1409.4,0,4440.1,0,0,1326.2,0,0,0,0,0,4520.2,0,0,0,0,0,0,0,0,0,0,0,0,0,0,0,0,0,0,0,0,0,0,0,0,0,0,0,0,0,0
5108.9,2147.5,5669,6093.2,5001.2,5897.9,5351.1,0,8867,0,1374.1,3509.3,5841.5,3050.3,5475.7,0,0,0,5755.5,1571.5,0,2124.4,0,0,0,0,0,4048.7,0,0,0,0,0,0,0,0,0,0,0,0,0,0,0,0,0,0,0,0,0,0,0,0,0,0,0,0,0,0
6639.6,3094.1,4907.6,6336.8,5690.3,5782.6,5495.5,0,8649.7,0,1925.7,3498.2,5286.2,3152.5,4735.7,0,475.76,0,4114.1,1175.1,0,1644,0,0,0,0,0,3612.3,0,0,0,0,0,0,0,0,0,0,0,0,0,0,0,0,0,0,0,0,0,0,0,0,0,0,0,0,0,0
5778.6,1894.1,6648.8,5840.8,4670.8,6265.2,5731.9,0,9709.4,0,2081.7,2821.9,6831.8,3077.5,5202.9,0,0,0,5109.3,1532,0,1658.5,0,0,0,0,0,3983.3,0,0,0,0,0,0,0,0,0,0,0,0,0,0,0,0,0,0,0,0,0,0,0,0,0,0,0,0,0,0
6088,2002.5,7052.2,5856.7,0,4908.2,6107.9,775.38,8493.8,0,0,2861.8,5381.9,1959,4319.4,0,0,0,6402.9,2778.4,0,1903.4,0,0,0,0,0,5554.5,0,0,0,0,0,0,0,0,0,0,0,0,0,0,0,0,0,0,0,0,0,0,0,0,0,0,0,0,0,0
6120.6,2763.1,6085.9,5279.2,4917.9,6753.8,6632.7,1100.7,8087.6,0,0,3110.1,5929.2,3187.3,5508.1,0,0,0,5674.5,1897.3,0,1257.1,0,0,0,0,0,5168.7,0,0,0,0,0,0,0,0,0,0,0,0,0,0,0,0,0,0,0,0,0,0,0,0,0,0,0,0,0,0
5850.4,2650.5,6263,4035.2,3103.8,6930.1,5860.1,588.84,8674.1,0,0,3752.6,4919.8,3163.8,5820,0,0,0,6061.7,2631.8,0,1554.8,0,0,0,0,0,4535.2,0,0,0,0,0,0,0,0,0,0,0,0,0,0,0,0,0,0,0,0,0,0,0,0,0,0,0,0,0,0
4993.8,3627.4,6616.2,5738.8,4018.3,7255.4,5824.8,701.73,8500.2,0,0,2816.4,5094.7,1977,4290.7,0,0,0,5851.3,1768.7,0,1616.3,0,0,0,0,0,5002.3,0,0,0,0,0,0,0,0,0,0,0,0,0,0,0,0,0,0,0,0,0,0,0,0,0,0,0,0,0,0
6132.4,2442.8,5929.4,5165,4810.2,6382.9,5737.2,1837.1,7049.3,0,0,2293.4,6131.7,1899.6,6706.7,0,0,0,5318,2795.6,0,1692.8,0,0,0,0,0,4574.3,0,0,0,0,0,0,0,0,0,0,0,0,0,0,0,0,0,0,0,0,0,0,0,0,0,0,0,0,0,0
6100.4,2253.4,5586.1,5257,4054.9,5474,5852.5,824.41,7057.6,0,0,2679.4,5125.8,3055,5564.7,0,0,0,4715.5,1947,0,1088.4,0,1309.2,0,0,0,6008.9,0,0,0,0,0,0,0,0,0,0,0,0,0,0,0,0,0,0,0,0,0,0,0,0,0,0,0,0,0,0
6899.3,2920.8,5574.2,5872.7,4940.3,6273.3,5483.3,1872.5,6028.5,0,0,2250.3,4948.8,2071.3,6260.7,0,0,0,4849.8,1706.6,0,0,0,1989,0,0,0,4430.4,0,0,0,0,0,0,0,0,0,0,0,0,0,0,0,0,0,0,0,0,0,0,0,0,0,0,0,0,0,0
5201.1,2313.3,3921.9,4567.3,4407,6041.1,6485.8,2090.4,8524.7,0,0,1935,4587.8,1683.7,6977.7,0,0,0,5410,1991.6,0,0,0,2460.3,0,0,0,4577.8,0,0,0,0,0,0,0,0,0,0,0,0,0,0,0,0,0,0,0,0,0,0,0,0,0,0,0,0,0,0
4347.3,2953.1,5209.1,4550.2,3332.7,6076.7,5858.9,3001.5,5486.7,0,0,2326.3,4670.2,966.19,7795.5,0,0,0,5343,2927.6,0,0,0,0,0,0,0,4860.5,0,0,0,0,0,0,0,0,0,0,0,0,0,0,0,0,0,0,0,0,0,0,0,0,0,0,0,0,0,0
5515.9,3573.8,6100.9,3432.1,4068,5377.7,4745.2,2476.7,7638.6,0,0,0,4656.6,1158,7038,0,0,1102.9,4829.6,1212.6,0,0,0,2432.8,0,0,0,4227.9,0,0,0,0,0,0,0,0,0,0,0,0,0,0,0,0,0,0,0,0,0,0,0,0,0,0,0,0,0,0
5154.8,3913,3345,3061.4,5307.1,5541.6,5251.5,2891,7061.8,0,0,0,5129.9,1299.6,4381.4,0,0,0,5115.2,2683.1,0,0,0,1378.9,0,0,0,4054.4,0,0,0,0,0,0,0,0,0,0,0,0,0,0,0,0,0,0,0,0,0,0,0,0,0,0,0,0,0,0
6021.9,4218.4,4491.6,3129.2,4440.3,3833.5,4161.6,2849.4,5725.4,0,0,2505.8,2999.3,1890.1,6500,0,0,1444.4,3212.7,2247.8,0,0,0,2960.4,0,0,0,2296.3,0,0,0,0,0,0,0,0,0,0,0,0,0,0,0,0,0,0,0,0,0,0,0,0,0,0,0,0,0,0
6321.9,4272.1,3855.4,2413.8,4014.9,3679.1,3196,3151.1,5670.2,0,0,0,3645.2,2336.2,5204.6,0,0,2180.7,4229.3,2440.1,0,0,0,2677.8,0,0,0,3876.8,0,0,0,0,0,0,0,0,0,0,0,0,0,0,0,0,0,0,0,0,0,0,0,0,0,0,0,0,0,0
5796.5,3685.4,5340.5,3967.4,4719.9,4214.9,4319.4,3480.3,4941,0,0,1475.2,1780.7,0,5693,0,0,1700.5,4409.8,1125.2,1017.6,0,0,1257.5,0,0,0,2930.4,0,0,0,0,0,0,0,0,0,0,0,0,0,0,0,0,0,0,0,0,0,0,0,0,0,0,0,0,0,0
5429.4,4302.9,5934.7,3259.9,4773.6,3051.8,4142.6,3904.7,5705.7,0,0,0,2674.4,929.45,4998.3,0,0,1824.5,3767.6,1153.4,1970,0,0,2455.3,0,0,0,0,0,0,0,0,0,0,0,0,0,0,0,0,0,0,0,0,0,0,0,0,0,0,0,0,0,0,0,0,0,0
6476,3292.6,5471.5,2543.6,4673.3,3327.4,3268,3516.5,4451.8,0,0,1645.8,1569.2,0,4764,0,0,2501.1,3589.5,0,1059.9,0,0,0,0,0,0,1360.5,0,0,0,0,0,0,0,0,0,0,0,0,0,0,0,0,0,0,0,0,0,0,0,0,0,0,0,0,0,0
7321.1,3317.2,7127.4,2615,6122.9,2785.5,4291.8,3513.1,5438.1,0,0,0,2219.4,1414.6,4528.9,0,0,2593.4,3929.2,933.01,0,0,0,2989,0,0,0,1784.4,0,0,0,0,0,0,0,0,0,0,0,0,0,0,0,0,0,0,0,0,0,0,0,0,0,0,0,0,0,0
6604.1,3102.4,6293.8,4128.6,3532.1,2450.3,3408.3,2251.9,5801.6,0,0,0,1647,1379.1,4065.8,0,0,2561.1,2460.3,0,2269.8,0,0,2915.8,0,0,0,0,0,0,0,0,0,0,0,0,0,0,0,0,0,0,0,0,0,0,0,0,0,0,0,0,0,0,0,0,0,0
5460.7,3211.5,3800.6,4094.7,4755.9,2330.9,4586.4,3002.4,4056,0,0,1705.6,0,1249.6,3841.9,0,0,2208.2,3867.6,1356.5,2029.4,0,0,3179.4,0,0,0,0,0,0,0,0,0,0,0,0,0,0,0,0,0,0,0,0,0,0,0,0,0,0,0,0,0,0,0,0,0,0
5573,3749,6543.2,2965.8,4517.5,1513.6,4025.4,2454,4693.4,0,0,1827.3,0,0,3862.4,0,0,3087.9,2820.6,1916.2,2007.6,0,0,3289.3,0,0,0,1834.9,0,0,0,0,0,0,0,0,0,0,0,0,0,0,0,0,0,0,0,0,0,0,0,0,0,0,0,0,0,0
5462.8,4170,6181.7,3439.6,5683.9,2025.6,4635.5,2870.6,4534.6,0,0,1543.9,0,0,3878.1,0,0,3462.4,3879.5,1451.2,1631.3,0,0,2459.4,0,0,0,0,0,0,0,0,0,0,0,0,0,0,0,0,0,0,0,0,0,0,0,0,0,0,0,0,0,0,0,0,0,0
7175.7,3420.4,6226.5,3787.4,4529.8,2757.5,5384.2,3745.2,5373.2,0,0,1861.5,2000.7,937.36,3830.1,0,0,2092.5,2673,903.15,1695,0,0,3810.9,0,0,0,0,0,0,0,0,0,0,0,0,0,0,0,0,0,0,0,0,0,0,0,0,0,0,0,0,0,0,0,0,0,0
6567.5,3347,5522,3856.2,4587.2,3057.3,5683.6,4109.7,5287.7,0,0,2143.3,1141,0,2771.1,0,0,2876.4,3273.3,0,3152.4,0,0,3612.3,0,0,0,0,0,0,0,0,0,0,0,0,0,0,0,0,0,0,0,0,0,0,0,0,0,0,0,0,0,0,0,0,0,0
6602.5,4059.2,5219,3979.2,4486.2,3951.7,6435.7,3533,5696.3,0,0,3481.3,0,0,3941.8,0,0,3315.4,2073,0,1457.9,0,0,3465.6,0,0,0,0,0,0,0,0,0,0,0,0,0,0,0,0,0,0,0,0,0,0,0,0,0,0,0,0,0,0,0,0,0,0
8536.8,3308.1,6077.9,3294.6,4324,3212.6,6038.9,3097,5899,2398.7,0,1858.8,1588,0,2896,0,0,3482.4,2776.5,366.35,2519.1,0,0,3581.9,0,0,0,0,0,0,0,0,0,0,0,0,0,0,0,0,0,0,0,0,0,0,0,0,0,0,0,0,0,0,0,0,0,0
6815.1,2778.6,6747.5,4320.2,5004.4,3718.9,5690.8,5000.9,5322.3,2833.7,0,3037.4,1778.5,0,4110.3,0,0,3814.7,3524.9,0,2078.8,0,0,3379.3,0,0,0,0,0,0,0,0,0,0,0,0,0,0,0,0,0,0,0,0,0,0,0,0,0,0,0,0,0,0,0,0,0,0
5698.5,2291,6387.2,4064,4798.5,4681.8,5895.6,5838.1,7085.7,3499.4,0,2407.4,1463.5,0,4116.5,0,0,3983,3581.6,1580.6,2221,0,0,3770.6,0,0,0,0,0,0,0,0,0,0,0,0,0,0,0,0,0,0,0,0,0,0,0,0,0,0,0,0,0,0,0,0,0,0
7082.9,2261,7460.9,4612,4324.2,4849.7,5583.9,5018,7982.9,3963.1,0,2220.7,2813.9,0,4151.6,0,0,3615.1,3113.6,0,2780.9,0,0,3047.7,0,0,0,0,0,0,0,0,0,0,0,0,0,0,0,0,0,0,0,0,0,0,0,0,0,0,0,0,0,0,0,0,0,0
6329.3,2014.5,6058.9,3551,5844.5,5563.1,6115.2,6643.1,6269.5,5143.4,0,2543.9,2340.5,0,4200.1,0,0,3576.8,2751.7,0,1736.4,0,0,2550,0,0,0,0,0,0,0,0,0,0,0,0,0,0,0,0,0,0,0,0,0,0,0,0,0,0,0,0,0,0,0,0,0,0
6514.2,1841.5,6310.5,4435.3,5258.7,8273.6,6734.7,5924.5,6277.5,4997.1,0,2590.7,2230.9,0,4270.2,0,0,3104.6,2693.8,0,2987,0,0,2157,0,0,0,0,0,0,0,0,0,0,0,0,0,0,0,0,0,0,0,0,0,0,0,0,0,0,0,0,0,0,0,0,0,0
6903.4,1177.9,4979.4,3805.1,5071,6268.8,7355,7851.2,6925.9,5744.4,0,2491,2803.2,0,3764.3,0,0,2109.7,2620.2,0,2947.7,0,0,2085.8,0,0,0,0,0,0,0,0,0,0,0,0,0,0,0,0,0,0,0,0,0,0,0,0,0,0,0,0,0,0,0,0,0,0
8392.7,1730.1,4757.5,4616.2,3918.6,6423.7,6525.8,7597.1,6777.8,6098.8,0,2987.8,3502.9,0,4170.8,0,0,2529.5,3390.3,0,2301.7,1610.4,0,0,0,0,0,0,0,0,0,0,0,0,0,0,0,0,0,0,0,0,0,0,0,0,0,0,0,0,0,0,0,0,0,0,0,0
6230.4,2012.9,5932.2,4532.8,5428.3,7277.1,5827.9,7543.7,7731.3,5838.8,956.73,0,3446.7,0,6100.5,0,0,1958.4,2786.2,0,2658.8,0,0,0,0,0,0,0,0,0,0,0,0,0,0,0,0,0,0,0,0,0,0,0,0,0,0,0,0,0,0,0,0,0,0,0,0,0
8037.7,1788.5,6915.3,3838.8,6595.3,7200.6,6048.9,8262.3,5983.1,6462.5,885.69,1017.4,3499.1,0,5763.8,832.97,0,1780.7,2537.7,0,2038.2,0,0,0,0,0,0,0,0,0,0,0,0,0,0,0,0,0,0,0,0,0,0,0,0,0,0,0,0,0,0,0,0,0,0,0,0,0
8721.4,1955.1,5459.7,4623.5,4133,8173.6,5972.5,8125,5508.1,5130.7,1163.8,1622.9,3310.2,0,5978.7,0,1315.8,1755.1,2289.4,0,1068.1,0,0,0,0,0,0,0,0,0,0,0,0,0,0,0,0,0,0,0,0,0,0,0,0,0,0,0,0,0,0,0,0,0,0,0,0,0
6754.1,2427.1,5084.6,3924.3,3992.9,7023.5,6739.2,6476.2,5339.2,5103.1,1413,1617.3,4200.3,0,6062.7,0,0,2191.5,2321.5,0,1557.5,0,0,0,0,0,0,0,0,0,0,0,0,0,0,0,0,0,0,0,0,0,0,0,0,0,0,0,0,0,0,0,0,0,0,0,0,0
7360.6,1663.5,4699.3,3843.3,4230,6731.4,7153,7485.3,3764.7,4890.9,2502.1,1508.9,3019.8,0,7426.5,0,0,0,3202.2,0,0,0,0,0,0,0,2860.7,0,0,0,0,0,0,0,0,0,0,0,0,0,0,0,0,0,0,0,0,0,0,0,0,0,0,0,0,0,0,0
6028.2,2597.7,5219.9,5186.6,3704,5822.8,5489.8,6385,3826.7,3670.7,2475.4,2114.2,3590.2,0,6179.8,1242.4,0,0,2384.3,0,0,0,0,0,0,0,0,0,2684.1,0,0,0,0,0,0,0,0,0,0,0,0,0,0,0,0,0,0,0,0,0,0,0,0,0,0,0,0,0
7446.1,2348.2,3957.6,4553.7,4903.6,5069.6,7893.7,7038,4600.8,3982.9,1499.7,2473.9,2756.9,0,6554.9,1428.8,0,0,2927.6,0,0,0,0,0,0,0,0,0,0,0,0,0,0,0,0,0,0,0,0,0,0,0,0,0,0,0,0,0,0,0,0,0,0,0,0,0,0,0
6557.7,3632,3464.9,5935.4,4621.2,4270.9,5460.5,8753.6,4316.8,2944.3,1787.9,1371.5,4059.8,0,5653.2,2049.6,0,0,2841.3,0,0,0,0,0,0,0,0,0,854.41,0,0,0,0,0,0,0,0,0,0,0,0,0,0,0,0,0,0,0,0,0,0,0,0,0,0,0,0,0
6260.5,3327,2516.2,4991.8,4702.6,4990.3,7118.6,7039.7,4585.1,2580.5,2575.7,1949.3,5298,0,5151.7,2160.7,0,0,2778,0,0,0,0,0,0,0,1693.8,0,0,0,0,0,0,0,0,0,0,0,0,0,0,0,0,0,0,0,0,0,0,0,0,0,0,0,0,0,0,0
5875.9,3432.1,1192.7,3360.8,4378,3895.1,5203.4,7210.7,4881.8,2401,3081.1,980.73,6078.9,0,5978.5,2344.8,0,0,3508,0,0,0,0,0,0,0,2136.8,0,1917.7,0,0,0,0,0,0,0,0,0,0,0,0,0,0,0,0,0,0,0,0,0,0,0,0,0,0,0,0,0
5765.3,2820.6,0,5305.7,4793.6,3313.6,7171.9,7800.8,3173.9,2683.6,2006.6,0,5481.1,0,5207.8,2900.9,0,0,3064.9,0,0,1755.3,0,0,0,0,0,0,0,0,0,0,0,0,0,0,0,0,0,0,0,0,0,0,0,0,0,0,0,0,0,0,0,0,0,0,0,0
5082.3,2410.9,0,4607,4655.6,3624,5389.2,6401.7,4225.6,2096.7,2104.4,0,5463.9,0,6930.5,1952.3,0,0,3145.3,0,0,0,0,0,0,0,0,0,0,0,0,0,0,0,0,0,0,0,0,0,0,0,0,0,0,0,0,0,0,0,0,0,0,0,0,0,0,0
4704.7,861.93,2427.6,4577.2,5109.3,3695.8,6631.2,6679.3,4172.1,2558.7,1595.5,167.6,6313.4,0,5572.6,2505.2,0,0,3675.7,2516.5,0,0,0,0,0,0,1736.6,0,2680.1,0,0,0,0,0,0,0,0,0,0,0,0,0,0,0,0,0,0,0,0,0,0,0,0,0,0,0,0,0
4365.9,2009.6,1817.5,5110.5,4067.6,2715.3,5653.7,5447.6,4758.9,2079.7,1841.1,0,5583.1,0,6725.5,2283.7,0,0,3918,0,0,3026.3,0,0,0,0,1553,0,2975.4,0,0,0,0,0,0,0,0,0,0,0,0,0,0,0,0,0,0,0,0,0,0,0,0,0,0,0,0,0
4122.8,2195.8,1220.1,5507.2,3950.4,4001.5,5764.2,6937.9,5336.5,1988.8,2681.1,0,6190.1,0,6495.5,2293.3,0,2955.4,2950.1,0,0,0,0,0,0,0,0,0,0,0,0,0,0,0,0,0,0,0,0,0,0,0,0,0,0,0,0,0,0,0,0,0,0,0,0,0,0,0
