6208.9,5112.5,8949.1,0,5065.6,7262.5,0,458.33,3484.1,2759.5,0,7826.7,7264.5,0,0,0,0,0,0,0,0,0,0,0,0,0,0,381.59,0,0,0,0,4635.5,0,0,0,0,0
6480.4,5530.3,8588.1,0,4411.9,6731.1,0,1604.2,4823,3281.6,0,7039.1,7136.9,0,0,0,0,0,0,0,0,0,0,0,0,0,0,1341.8,0,0,0,0,6195.7,0,0,0,0,0
5842.8,4906.2,7553.6,0,6107.3,6447.6,0,1659.5,5980.6,4058.4,0,8214.9,7287.3,0,0,0,0,0,0,0,0,0,0,0,0,0,0,1002.5,0,0,0,0,5265.1,0,0,0,0,0
6892.8,6663.2,8708.9,0,6633.8,6374.2,0,2114.6,5797.5,4281,0,7517,8536.6,0,0,0,0,0,0,0,0,0,0,0,0,0,0,1792.8,0,0,0,0,6493.8,0,0,0,0,0
6154.2,6855.1,6619.4,0,5458.5,6210.6,0,2406.3,6167.1,4295.4,0,7679.7,10062,0,0,0,0,0,0,0,0,0,0,0,0,0,0,1429.5,0,0,0,0,5150.3,0,0,0,0,0
5366.7,7616.6,7055.7,0,6544.6,5294.2,0,3176.1,6855.4,4977.7,1273.4,6955.7,8238.5,0,0,0,0,0,0,0,0,0,0,0,0,0,0,3188.9,0,0,0,0,5902.7,0,0,0,0,0
5357,8170.1,7711.7,1935.9,5646,5792.9,0,2630.6,5748.4,6238.5,0,6480.1,7608.1,0,0,0,0,0,0,0,0,0,0,0,0,0,0,2568.2,0,0,0,0,3628.3,0,0,0,0,0
4005.7,7031.6,6681.3,2339.7,5409.5,5324.1,0,1330.2,7307.7,6714.4,3381.4,7808.1,8832.9,642.17,0,0,0,0,0,0,0,0,0,0,0,0,0,3550.3,0,0,0,0,3750.1,0,0,0,0,0
3836.4,7846.3,6489.4,2206.8,6837.7,4516.5,0,2102.5,6359.8,7495.1,2023.1,7253.4,7637.2,0,0,0,0,0,0,0,0,0,0,0,0,0,0,2997,0,0,0,0,4204.5,0,0,0,0,0
2379.4,8238.2,5666.6,0,8078.5,5446.3,0,2116.8,6788.9,7042.2,2887.1,6815.3,5634,1630.9,0,0,0,0,0,0,0,0,0,0,0,0,0,2545.9,0,0,0,0,3828.7,0,0,0,0,0
2399.5,10141,5504.9,0,8126.6,6100.9,0,1617.3,7667.7,8709.2,4646,6441.3,4720.7,1117.9,0,1198.4,0,0,0,0,0,0,0,0,0,0,0,1859,0,0,0,0,3879.2,0,0,0,0,0
2626.1,9503,5801.5,2293.2,7902.3,6787.6,0,0,5984.4,8151.6,3202.5,6574.1,4505.8,2995,0,0,0,0,0,0,0,0,0,0,0,0,0,2497.8,0,0,0,0,3629,0,0,0,0,0
3429.9,8104.3,5840.1,0,7800,6403.3,0,2377.8,7197.8,8519.2,3331.5,7586.6,5093.5,3297,0,1147.2,0,2245.8,0,0,0,0,0,0,0,0,0,2167.2,0,0,0,0,2180.8,0,0,0,0,0
4037.9,8708.7,4211.4,0,8024.8,7211.6,24.08,2570.4,7723.2,8663.2,4170.3,7499.4,3949,3731.1,0,1343.1,0,2712.3,0,0,0,0,0,0,0,0,0,1366.3,0,0,0,0,2947.7,0,0,0,0,0
4170.3,7852,4035,0,7655.7,6539,1297.4,3360.7,7214.4,6180.3,4680,6422.9,2824.2,3178,0,1343.2,0,3409.1,0,0,0,0,0,0,0,0,0,1779.3,0,0,0,0,1457,0,0,0,0,0
4682.6,7383.4,4230.5,0,6591.6,6518.8,696.36,3557.5,7032.7,4977,4388.2,6676.8,1180.6,3511.2,0,2013.1,0,3333.6,0,0,0,0,0,0,0,0,0,0,0,0,0,0,0,0,0,0,0,0
5555.8,6655,5045.3,0,5714.3,6152.4,2.94,3325.9,7251.8,6404.8,5305.7,6239.8,0,3609.6,0,2428.3,0,3951.9,0,0,0,0,0,0,0,0,0,0,0,0,0,0,0,0,0,0,0,0
5266.9,6223.3,2289.5,0,6030.3,6846.1,290.54,4498.7,6532,5639.2,4942.4,5251.2,0,2429.9,0,2132.7,217.28,3505,0,0,0,0,0,0,0,0,0,0,0,0,0,0,0,0,0,0,0,0
6287.4,7032.6,3077.1,0,4927.5,7102.7,0,4754.7,6435.3,6144.1,4880.3,3380.3,0,3958.5,0,1861.7,0,3695.8,0,0,0,0,0,0,0,0,0,0,0,0,0,0,0,0,0,0,0,0
7154.5,5953.7,3674.4,0,4673.6,7432.1,0,5127.3,4801.2,4635.6,3648,3614.3,0,4371.7,0,2347.7,0,3406.9,0,0,0,0,0,0,0,0,0,0,0,0,0,0,0,0,0,0,0,0
6377.5,6945.7,4379.5,0,3268.4,7160.5,0,4387.5,3401.8,5569.8,4483.6,3862.8,0,3722.3,0,3120.8,34.769,2809.2,0,0,0,0,0,0,0,0,0,0,0,0,0,0,0,0,0,0,0,0
6333.8,4942.8,2557.8,0,3421.1,8010.6,0,5509.7,3394.9,4654.5,4551.8,3444.1,0,3899.5,0,2717.9,0,2399,0,0,0,0,0,0,0,0,0,0,0,0,0,0,0,0,0,0,0,0
5481.9,5952.3,4569.3,0,3768.6,7793.3,0,4962,2670.2,3491.3,5226.4,3277.5,0,3713.1,0,3686.6,0,2027.4,0,0,0,0,0,0,0,0,0,0,0,0,0,0,0,0,0,0,0,0
5047.7,6191.8,6496.8,0,4240.2,6689.2,0,4855.7,2548.6,3995.6,5547.3,2569.3,1741,4095.8,0,3686.7,0,2210.2,0,0,0,0,0,0,0,0,0,0,0,0,0,0,0,0,0,0,0,0
6217.2,4971.5,6272.9,0,3570,7253.5,0,4861.2,2762.6,3299.5,6046.6,3536,1310.7,3612.7,0,3857.6,0,1402.3,0,0,0,0,0,0,0,0,0,0,0,0,0,0,0,0,0,0,0,0
5338.6,4817.5,6358.6,341.16,3851.7,7138.1,0,3697.3,2813.5,2862.9,7036.7,4602.5,1697.3,4258.8,0,3286.1,0,0,0,0,0,0,0,0,1997.8,0,0,0,0,0,0,0,0,0,0,0,0,0
5331.7,5318.9,5812.4,880.26,5061.6,5892.4,0,3091.4,1228.8,2714.8,6864.9,3644.2,2103.1,3864.3,0,2058.4,0,0,0,0,0,0,0,0,0,0,0,0,0,0,0,0,0,0,0,0,0,0
4859.9,5113.2,4392.3,4526.3,5390.7,4983.2,0,1810.2,2373.9,3634.5,7450.4,5235.1,1579,4789.4,0,3429.5,0,0,0,0,0,0,0,0,0,0,0,0,0,0,0,0,0,0,0,0,0,0
4035.5,5206.9,3997.9,6736.8,5538.8,4605.5,0,2311.1,1502.9,3446.2,6861.4,6476.5,1996.5,5255.3,0,2734,0,0,1164.8,0,0,0,0,0,880.57,0,0,0,0,0,0,0,0,0,0,0,0,0
